0.000000000000000000e+00 1.774999999999999911e-01
1.000000000000000000e+00 8.000000000000000167e-02
2.000000000000000000e+00 6.950000000000000622e-02
3.000000000000000000e+00 6.300000000000000044e-02
4.000000000000000000e+00 5.650000000000000161e-02
5.000000000000000000e+00 4.800000000000000100e-02
6.000000000000000000e+00 4.100000000000000172e-02
7.000000000000000000e+00 3.749999999999999861e-02
8.000000000000000000e+00 3.300000000000000155e-02
9.000000000000000000e+00 2.850000000000000103e-02
1.000000000000000000e+01 2.649999999999999925e-02
1.100000000000000000e+01 2.450000000000000094e-02
1.200000000000000000e+01 2.400000000000000050e-02
1.300000000000000000e+01 2.199999999999999872e-02
1.400000000000000000e+01 2.149999999999999828e-02
1.500000000000000000e+01 2.149999999999999828e-02
1.600000000000000000e+01 2.050000000000000086e-02
1.700000000000000000e+01 2.100000000000000130e-02
1.800000000000000000e+01 2.199999999999999872e-02
1.900000000000000000e+01 2.149999999999999828e-02
