0
1
2
11
12
15
21
22
32
33
35
44
48
50
52
53
54
69
70
71
72
75
76
77
81
82
84
85
94
96
102
112
121
123
125
126
131
132
135
138
142
147
148
153
155
156
160
165
166
174
182
183
184
186
189
193
194
196
199
201
205
215
216
217
218
226
230
233
238
239
240
242
251
252
257
271
272
280
282
284
289
292
295
296
297
298
300
302
310
311
315
319
328
329
336
340
343
348
352
354
355
356
362
366
367
372
375
380
381
387
388
389
391
397
398
400
404
406
408
412
414
416
419
423
428
431
434
435
436
437
440
441
443
444
447
448
451
452
454
460
464
466
468
472
473
475
478
480
481
482
484
485
486
487
489
490
493
494
495
496
