15
18
75
89
99
112
123
124
125
147
157
162
169
192
228
257
261
263
314
324
343
344
354
355
360
367
383
411
413
431
476
478
483
517
520
528
529
600
605
674
677
679
711
721
751
761
765
779
780
782
813
819
822
831
844
858
876
877
891
897
912
928
941
968
990
999
1012
1040
1044
1077
1093
1095
1110
1130
1141
1147
1218
1270
1274
1297
1304
1310
1311
1324
1330
1336
1356
1371
1375
1377
1389
1407
1412
1423
1428
1458
1460
1463
1479
1487
1494
1512
1557
1559
1566
1567
1602
1615
1628
1629
1641
1643
1661
1667
1674
1675
1695
1708
1748
1752
1753
1765
1774
1777
1790
1796
1811
1816
1831
1847
1862
1866
1897
1914
1942
1960
1971
1975
1983
2000
2016
2028
2036
2063
2100
2107
2110
2122
2128
2130
2131
2133
2135
2137
2139
2147
2182
2183
2226
2260
2283
2291
2297
2317
2324
2345
2352
2383
2386
2395
2401
2404
2416
2418
2426
2433
2454
2474
2480
2498
2502
2515
2516
2527
2542
2543
2547
2549
2576
2580
2591
2606
2627
2629
2630
2634
2636
2661
2673
2689
2700
2707
2748
2749
2755
2775
2786
2790
2801
2802
2808
2814
2816
2837
2843
2860
2873
2892
2893
2908
2911
2956
2968
2969
2976
3005
3009
3018
3024
3026
3041
3046
3058
3073
3086
3088
3095
3096
3114
3147
3150
3162
3176
3192
3202
3225
3228
3230
3238
3240
3265
3270
3279
3294
3315
3316
3319
3327
3335
3337
3344
3345
3353
3375
3384
3405
3413
3422
3424
3434
3449
3462
3466
3476
3477
3491
3499
3542
3562
3565
3567
3571
3576
3580
3595
3599
3619
3652
3659
3666
3667
3671
3674
3685
3690
3703
3704
3737
3756
3780
3803
3806
3819
3826
3858
3908
3917
3920
3921
3924
3929
3930
3932
3943
3944
3953
3972
3992
3993
4034
4065
4070
4095
4102
4128
4169
4186
4190
4206
4223
4246
4251
4263
4287
4298
4300
4328
4336
4342
4347
4360
4377
4383
4386
4408
4412
4421
4449
4451
4452
4472
4486
4494
4497
4512
4515
4527
4538
4551
4559
4562
4571
4577
4596
4609
4615
4620
4622
4627
4630
4635
4639
4643
4644
4648
4661
4665
4671
4691
4697
4700
4709
4718
4744
4751
4766
4792
4862
4869
4896
4905
4937
4951
4953
4963
4979
4982
4994
4995
5038
5060
5088
5102
5107
5133
5157
5180
5181
5197
5199
5205
5210
5226
5228
5234
5236
5243
5245
5248
5250
5274
5293
5306
5308
5310
5311
5324
5348
5351
5366
5382
5388
5389
5395
5403
5418
5434
5452
5461
5462
5473
5476
5484
5547
5563
5587
5589
5595
5597
5641
5676
5690
5695
5699
5715
5730
5731
5734
5744
5745
5758
5773
5776
5797
5804
5809
5851
5865
5875
5913
5915
5926
5935
5957
5958
5962
5973
6005
6053
6058
6062
6112
6128
6129
6135
6147
6156
6165
6181
6201
6216
6221
6236
6286
6291
6295
6306
6307
6311
6348
6390
6392
6401
6415
6424
6426
6431
6437
6441
6462
6470
6473
6484
6493
6496
6518
6549
6578
6581
6604
6607
6622
6632
6638
6646
6651
6657
6694
6695
6706
6707
6725
6735
6754
6755
6768
6800
6873
6876
6877
6894
6900
6907
6910
6919
6945
6957
6964
6986
6995
7012
7021
7022
7037
7053
7060
7063
7070
7073
7075
7119
7131
7140
7151
7179
7183
7198
7199
7212
7218
7244
7255
7268
7277
7278
7300
7311
7376
7415
7420
7422
7468
7473
7479
7507
7564
7572
7582
7589
7611
7617
7618
7628
7629
7661
7675
7678
7679
7683
7685
7686
7694
7700
7726
7737
7749
7752
7772
7775
7797
7832
7837
7845
7854
7861
7892
7897
7900
7905
7906
7928
7939
7942
7975
7982
8002
8033
8034
8043
8044
8083
8091
8094
8100
8101
8116
8121
8143
8208
8216
8221
8238
8256
8265
8273
8284
8286
8292
8294
8317
8343
8392
