15
75
89
125
157
192
238
411
449
478
517
518
520
674
782
877
896
999
1044
1077
1093
1110
1297
1324
1371
1389
1463
1494
1559
1628
1748
1752
1777
1796
1816
1914
1943
1975
2110
2182
2324
2343
2345
2352
2418
2454
2480
2498
2627
2636
2786
2808
2873
2968
2969
2976
3095
3147
3162
3238
3239
3242
3247
3316
3384
3413
3422
3424
3449
3476
3477
3562
3565
3571
3659
3671
3690
3801
3826
3929
3930
3932
3944
4034
4065
4102
4190
4264
4287
4300
4347
4360
4386
4494
4512
4571
4577
4620
4630
4639
4697
4709
4743
4751
4792
4862
4951
5038
5180
5228
5274
5311
5324
5334
5452
5476
5547
5589
5595
5641
5646
5690
5731
5851
5865
5903
5958
6053
6062
6128
6129
6135
6147
6156
6307
6311
6390
6431
6442
6462
6496
6622
6638
6657
6706
6707
6754
6768
6800
6860
6876
6919
6932
6938
6945
7053
7268
7277
7323
7376
7391
7420
7430
7572
7675
7686
7694
7726
7772
7832
7900
7982
8034
8083
8091
8100
8284
8292
