3
9
12
52
71
87
105
109
121
138
142
159
170
172
174
184
194
199
212
220
223
260
305
310
332
334
354
366
404
406
425
431
464
473
478
489
503
523
528
535
536
546
548
569
584
585
591
621
623
629
643
668
687
700
712
725
734
744
751
780
796
863
871
886
897
899
927
950
959
975
981
991
994
1006
1016
1017
1021
1025
1047
1066
1075
1076
1086
1088
1093
1098
1118
1130
1143
1146
1151
1159
1160
1165
1168
1235
1251
1262
1282
1285
1321
1327
1330
1339
1342
1352
1362
1364
1427
1512
1547
1549
1574
1588
1590
1618
1624
1655
1662
1673
1685
1700
1706
1707
1744
1754
1766
1779
1813
1851
1863
1868
1877
1892
1895
1917
1918
1940
1950
1953
1973
1984
