7 0
10 0
11 1
13 1
14 1
17 0
20 0
24 0
26 0
36 1
37 1
38 1
49 1
50 1
51 0
58 1
60 1
68 0
82 0
89 1
95 1
99 1
104 0
105 0
107 1
108 1
110 1
112 0
116 1
119 0
125 0
127 0
128 0
131 1
132 0
147 0
153 0
156 0
160 0
162 0
167 0
170 0
180 0
182 0
185 1
187 0
188 0
190 1
193 0
199 0
205 0
209 1
211 1
215 0
218 1
222 1
223 1
224 0
227 0
230 0
232 1
236 0
239 0
242 1
243 1
245 0
247 0
250 0
252 0
253 1
264 0
271 1
272 0
279 1
283 0
289 0
290 0
301 0
319 0
322 1
323 0
329 0
336 1
338 0
344 0
346 1
348 1
352 0
353 1
357 0
359 0
364 0
369 1
370 0
381 0
384 0
389 1
393 0
403 0
404 0
406 1
407 0
409 1
413 0
415 0
417 0
427 0
433 0
441 1
447 0
453 0
457 1
473 0
482 0
483 1
486 1
