0 7
1 2
4 4
6 4
8 5
11 6
15 5
17 7
19 4
21 6
22 6
23 5
24 4
26 7
27 4
33 4
34 7
35 2
36 7
38 2
41 7
42 4
43 2
44 3
45 5
47 2
48 4
49 4
50 6
52 5
53 5
54 6
55 0
56 4
59 5
60 7
61 8
63 3
64 7
65 4
66 6
67 4
68 3
70 7
72 2
75 7
77 2
79 7
80 7
81 6
82 2
83 7
84 8
85 4
86 7
87 3
88 6
90 3
91 6
92 9
93 3
95 4
97 7
98 6
100 6
102 5
103 4
104 9
106 2
107 1
109 4
110 8
111 7
112 3
114 7
115 4
116 4
117 4
119 2
120 5
121 4
122 7
123 6
124 7
127 5
128 8
129 5
130 6
131 6
132 5
133 7
134 8
138 6
139 4
140 6
141 7
142 3
144 7
146 8
147 2
149 2
152 5
153 5
155 5
156 6
158 3
159 4
160 4
161 6
162 5
163 4
164 6
165 5
166 4
167 5
169 4
170 4
171 7
172 2
174 2
175 7
177 8
179 8
181 8
182 5
184 8
186 2
187 5
191 1
195 3
197 6
198 4
199 2
200 3
201 6
202 1
207 5
208 2
210 4
211 5
213 3
216 3
217 6
218 5
219 5
220 7
221 2
222 2
223 7
225 2
226 8
227 4
229 7
230 3
231 3
232 8
233 8
234 7
236 2
237 2
238 4
240 5
241 9
242 8
243 7
244 2
245 3
247 4
248 4
249 2
250 4
253 5
254 7
255 7
256 2
257 8
258 2
259 6
260 8
261 5
262 7
263 7
266 8
268 8
275 4
277 8
278 2
280 2
282 7
283 5
285 2
286 6
287 4
289 5
290 8
291 2
293 2
295 4
298 2
299 8
300 4
301 7
303 2
304 4
306 2
307 7
308 4
313 3
316 6
317 5
318 2
319 5
321 2
323 3
325 4
326 2
328 7
331 2
333 5
334 3
337 7
338 8
339 6
340 5
341 6
343 3
344 8
346 0
347 5
349 3
351 5
352 5
353 6
355 8
356 5
358 7
360 4
361 6
362 2
363 2
364 5
366 6
367 5
368 6
369 3
370 7
371 2
373 8
374 8
375 5
376 4
379 4
381 3
382 3
383 7
384 6
386 6
387 2
388 1
390 2
391 8
392 6
395 5
396 2
397 5
398 4
399 4
400 2
401 8
403 8
404 2
405 4
406 5
408 3
410 7
411 7
412 5
413 7
415 7
418 2
420 4
421 2
423 2
425 4
428 4
429 8
431 8
432 4
433 5
435 8
436 8
437 3
438 7
439 6
442 3
443 0
444 2
445 6
446 6
447 4
450 3
451 3
452 2
456 2
457 6
458 8
460 5
461 6
462 6
463 6
464 3
465 8
466 8
467 2
468 7
469 5
470 8
472 6
474 8
475 4
477 2
478 5
482 7
483 5
484 4
486 8
491 5
492 2
494 7
495 8
497 4
498 0
499 6
500 3
502 5
503 2
505 3
507 3
508 6
509 5
510 7
511 4
512 2
513 2
514 6
515 3
516 2
517 6
518 5
519 4
520 8
522 7
523 1
524 3
526 3
527 8
528 3
531 3
532 4
533 4
534 6
535 4
536 2
538 8
539 2
540 5
541 4
542 8
543 8
544 4
547 2
548 3
549 2
550 7
551 7
552 0
553 8
554 7
555 4
556 4
557 7
559 6
563 8
565 4
566 6
568 6
570 5
571 4
572 8
573 3
574 3
576 3
577 3
578 3
579 7
580 8
582 8
583 2
585 7
587 6
588 5
589 4
590 3
591 8
594 6
596 8
597 0
600 6
601 8
602 6
603 8
604 5
605 7
606 8
607 6
609 2
610 4
612 2
613 2
614 3
617 7
618 5
619 1
621 8
622 4
623 6
624 2
625 6
626 7
628 3
629 2
631 8
632 2
633 2
635 2
636 7
638 5
641 8
642 0
643 2
645 5
646 2
648 3
649 7
650 6
651 7
653 2
654 5
655 8
658 7
659 2
660 4
661 0
664 8
665 6
666 7
667 7
668 4
670 4
671 9
674 5
676 7
679 7
680 6
684 7
685 8
686 3
688 6
689 7
690 2
691 8
692 5
693 8
694 5
697 4
698 4
699 3
702 7
703 7
705 7
707 4
708 4
709 8
710 5
711 5
712 4
714 8
715 2
717 0
718 8
719 4
720 5
722 4
723 0
724 6
726 7
728 2
729 6
730 7
731 2
732 6
734 3
736 4
737 6
738 2
739 5
740 4
741 2
743 6
744 2
746 7
747 3
748 4
751 5
752 4
753 3
756 7
757 4
760 4
761 8
762 4
764 2
765 4
766 5
769 6
770 4
771 7
774 4
775 2
776 4
778 5
779 5
780 3
781 8
784 4
785 5
786 6
787 8
789 4
791 5
792 3
793 8
795 3
796 2
797 5
799 2
800 8
801 3
802 4
803 4
805 8
806 8
808 3
810 7
811 3
812 5
814 6
815 3
816 2
817 6
819 3
820 6
822 7
823 2
825 7
827 4
828 2
829 4
830 2
832 7
834 6
837 2
838 4
839 8
841 7
842 7
843 4
844 8
846 7
847 3
852 7
853 7
856 5
857 5
858 2
859 7
860 6
861 6
863 2
864 8
865 3
866 5
867 2
868 2
869 5
870 6
872 8
873 2
874 9
875 2
876 8
877 8
878 8
879 8
880 7
881 4
883 3
885 6
886 6
887 3
888 2
890 3
891 2
892 2
894 3
897 5
898 7
899 8
901 4
902 4
903 6
905 2
908 4
909 7
910 4
911 7
912 3
914 8
915 8
916 4
917 7
919 2
921 2
922 2
923 3
924 2
925 3
926 2
927 3
930 7
931 4
933 3
934 5
935 5
936 8
937 6
939 2
940 6
941 7
942 6
943 6
944 3
945 2
946 7
947 8
950 7
951 5
952 6
953 4
955 5
957 3
958 3
959 4
960 7
961 8
965 6
968 4
969 4
970 5
971 4
973 6
974 2
975 2
976 3
978 5
980 2
982 3
983 8
985 2
986 6
987 7
989 6
990 2
991 3
993 0
994 1
995 2
996 2
998 8
1002 2
1003 5
1006 7
1007 8
1010 4
1012 7
1014 6
1015 4
1016 2
1017 6
1018 8
1021 7
1022 5
1023 4
1024 4
1026 8
1028 3
1029 8
1031 2
1032 5
1033 8
1035 6
1036 2
1039 7
1041 5
1043 4
1044 6
1046 5
1049 2
1050 2
1051 4
1052 8
1053 2
1055 7
1056 2
1057 4
1059 4
1060 4
1062 3
1064 2
1065 2
1067 3
1068 8
1070 5
1071 7
1072 3
1073 5
1074 8
1076 2
1077 4
1078 4
1079 6
1080 4
1082 5
1085 6
1087 5
1089 5
1091 7
1092 3
1093 8
1095 3
1096 7
1098 3
1099 6
1100 7
1101 8
1102 5
1104 7
1106 6
1107 9
1108 6
1109 3
1110 7
1111 4
1112 4
1113 5
1114 3
1115 5
1116 4
1117 7
1118 8
1119 7
1120 8
1121 0
1122 7
1123 6
1124 8
1125 8
1126 7
1127 3
1128 3
1131 5
1132 2
1133 7
1134 3
1135 5
1138 2
1140 4
1141 7
1142 4
1143 7
1144 5
1145 4
1146 5
1147 4
1149 8
1150 3
1151 6
1153 6
1155 2
1156 7
1157 4
1158 4
1159 4
1160 4
1161 6
1162 6
1163 4
1164 7
1166 3
1167 4
1168 5
1169 5
1170 8
1171 7
1172 3
1173 7
1174 2
1175 7
1176 0
1177 2
1178 4
1181 6
1182 6
1184 2
1185 8
1186 7
1187 2
1190 5
1191 0
1192 9
1194 7
1195 0
1196 6
1197 0
1198 8
1199 6
1200 8
1202 8
1204 3
1205 3
1206 7
1207 2
1208 3
1209 6
1210 2
1212 6
1215 3
1216 7
1219 8
1221 5
1222 4
1224 2
1225 8
1226 7
1227 2
1229 8
1230 4
1233 5
1234 8
1235 5
1237 2
1239 3
1241 7
1242 4
1243 5
1244 7
1245 2
1247 9
1248 8
1249 8
1250 6
1251 2
1252 5
1253 4
1256 2
1258 5
1259 8
1260 7
1262 2
1263 4
1264 4
1265 3
1266 6
1267 8
1268 8
1269 2
1270 4
1272 5
1273 0
1274 4
1275 4
1276 7
1279 4
1281 5
1283 7
1285 5
1286 8
1287 8
1288 0
1289 5
1290 3
1292 6
1293 6
1296 6
1299 5
1300 4
1301 4
1303 2
1306 4
1307 6
1308 9
1312 8
1313 4
1314 4
1315 3
1317 3
1319 8
1320 8
1321 7
1323 4
1324 8
1325 8
1326 7
1328 7
1330 4
1331 5
1332 6
1334 5
1335 2
1336 2
1337 2
1339 5
1340 5
1341 2
1342 4
1344 6
1345 2
1346 7
1347 7
1348 2
1349 2
1352 2
1353 8
1355 7
1356 2
1357 4
1359 7
1361 7
1362 6
1363 7
1364 8
1365 2
1366 7
1367 3
1369 7
1370 5
1371 8
1372 2
1373 6
1374 2
1375 2
1376 5
1377 6
1378 5
1381 2
1382 4
1383 3
1384 3
1386 7
1387 6
1388 6
1389 8
1391 4
1393 5
1394 8
1395 2
1398 8
1400 6
1401 7
1402 2
1404 0
1405 5
1406 5
1407 2
1408 0
1409 2
1410 2
1412 2
1413 4
1415 8
1419 4
1420 6
1421 5
1422 4
1425 8
1427 4
1431 2
1432 2
1433 8
1436 6
1437 4
1440 4
1441 8
1442 3
1443 8
1444 6
1446 2
1447 5
1450 6
1451 2
1453 4
1454 0
1456 6
1458 6
1459 2
1460 5
1461 4
1462 2
1463 3
1464 8
1465 4
1466 5
1467 5
1469 3
1470 8
1471 5
1473 5
1474 8
1475 6
1476 5
1477 7
1478 6
1479 3
1482 6
1485 2
1488 4
1491 6
1493 5
1494 7
1495 3
1496 7
1497 7
1498 7
1499 8
1500 7
1502 8
1503 3
1505 7
1506 2
1507 7
1509 4
1510 5
1511 4
1513 3
1514 2
1516 4
1518 2
1519 3
1520 7
1521 5
1522 7
1523 8
1524 8
1525 5
1527 1
1529 4
1530 8
1531 3
1534 0
1536 6
1537 6
1538 2
1540 7
1541 8
1542 4
1543 7
1544 7
1545 9
1546 2
1547 4
1549 4
1550 5
1551 2
1552 4
1556 8
1557 4
1558 0
1560 8
1561 4
1562 8
1563 7
1564 7
1566 7
1567 8
1568 8
1569 6
1571 4
1572 8
1573 8
1574 2
1575 4
1576 7
1577 6
1578 6
1579 6
1580 4
1581 7
1583 8
1584 8
1585 2
1586 3
1587 6
1588 3
1591 3
1592 7
1593 6
1595 7
1598 5
1599 4
1600 3
1601 3
1602 6
1604 2
1606 7
1607 3
1609 2
1611 3
1612 3
1613 8
1614 4
1616 6
1618 5
1620 2
1624 7
1625 4
1626 6
1628 3
1629 5
1632 6
1634 4
1635 5
1636 4
1637 5
1638 0
1639 5
1641 5
1642 2
1644 2
1649 4
1651 8
1652 4
1653 5
1654 2
1656 2
1658 2
1660 7
1661 3
1662 6
1663 8
1664 8
1665 4
1669 8
1670 5
1671 7
1672 5
1675 8
1676 6
1677 5
1678 2
1679 4
1680 4
1681 3
1682 2
1684 5
1685 6
1686 8
1687 8
1688 6
1689 2
1690 3
1691 1
1693 5
1694 8
1696 2
1698 6
1699 7
1701 4
1702 8
1703 7
1705 7
1706 4
1709 9
1710 7
1711 2
1716 7
1717 8
1718 7
1719 8
1720 4
1721 7
1722 2
1724 4
1725 6
1727 3
1730 3
1733 6
1734 7
1735 4
1737 5
1738 3
1740 8
1741 7
1744 6
1746 3
1747 5
1748 0
1749 2
1750 7
1751 4
1752 5
1754 7
1755 5
1756 8
1757 0
1758 8
1759 8
1761 5
1763 3
1765 3
1767 4
1769 3
1770 7
1771 2
1772 7
1774 8
1776 7
1778 4
1782 8
1783 7
1784 7
1786 4
1790 2
1792 7
1795 2
1797 3
1798 3
1799 7
1800 6
1801 9
1802 2
1803 3
1805 7
1806 7
1808 0
1809 7
1810 5
1811 2
1813 8
1814 7
1815 4
1816 4
1817 2
1818 6
1819 6
1820 1
1822 6
1823 8
1824 2
1827 8
1828 3
1831 6
1832 3
1833 5
1837 3
1838 1
1839 2
1840 3
1842 2
1843 0
1845 3
1846 5
1847 5
1848 7
1849 4
1850 8
1852 6
1854 6
1855 8
1856 3
1857 6
1858 6
1859 8
1860 5
1862 4
1863 2
1864 4
1865 4
1866 5
1868 1
1871 2
1872 4
1874 5
1875 7
1877 8
1878 8
1879 5
1880 6
1882 8
1883 7
1885 1
1886 6
1887 7
1888 6
1889 3
1890 2
1891 2
1893 8
1895 2
1896 5
1899 8
1902 5
1903 7
1905 6
1908 6
1910 5
1911 5
1912 8
1913 3
1914 8
1915 2
1916 6
1917 5
1919 7
1920 4
1921 6
1924 4
1925 7
1926 3
1927 2
1928 3
1929 4
1930 2
1931 5
1932 2
1933 7
1935 7
1936 2
1937 6
1938 4
1940 5
1941 7
1942 8
1943 6
1946 8
1947 2
1948 5
1949 7
1950 7
1951 6
1954 5
1955 8
1956 4
1957 2
1958 4
1959 0
1960 8
1961 8
1962 3
1963 4
1965 2
1966 7
1967 5
1968 8
1969 6
1970 5
1971 6
1973 8
1974 6
1975 7
1976 3
1977 6
1978 4
1980 4
1981 6
1982 6
1984 2
1985 4
1989 4
1990 6
1991 2
1996 6
1999 5
2000 6
2001 5
2002 6
2003 5
2004 8
2005 4
2006 6
2007 4
2009 9
2011 3
2012 4
2016 7
2020 3
2021 5
2022 4
2024 7
2025 3
2026 6
2028 7
2029 5
2030 5
2035 5
2036 7
2037 5
2038 8
2039 6
2040 5
2043 4
2044 2
2045 3
2046 4
2047 6
2048 7
2050 8
2052 8
2053 4
2055 2
2056 8
2057 6
2058 2
2059 7
2062 6
2063 7
2064 5
2065 8
2066 6
2067 0
2069 3
2070 7
2072 3
2073 5
2074 4
2077 5
2078 5
2079 6
2080 3
2082 2
2084 4
2085 2
2086 3
2090 4
2091 7
2092 2
2093 8
2094 4
2095 7
2097 6
2098 2
2099 8
2100 5
2101 2
2102 8
2103 5
2104 7
2105 3
2107 8
2108 2
2109 3
2110 2
2111 8
2112 2
2113 5
2114 5
2115 7
2116 6
2117 4
2118 6
2119 8
2120 4
2121 8
2122 2
2123 7
2124 4
2125 5
2126 2
2130 4
2131 6
2132 7
2133 2
2134 5
2135 6
2138 2
2139 3
2140 6
2141 7
2142 8
2143 7
2144 6
2145 4
2146 8
2148 4
2149 8
2150 6
2152 8
2153 3
2156 6
2157 2
2158 2
2159 5
2160 6
2162 5
2163 8
2165 4
2166 1
2167 7
2168 8
2169 4
2170 6
2172 8
2173 4
2174 3
2176 2
2177 8
2179 8
2180 5
2182 1
2183 4
2184 2
2185 0
2186 2
2187 7
2188 0
2189 9
2191 2
2192 5
2193 7
2194 6
2195 7
2197 4
2198 2
2199 6
2200 2
2201 4
2202 4
2203 8
2204 0
2205 4
2206 4
2207 5
2208 8
2209 0
2210 6
2211 8
2213 8
2214 5
2215 6
2218 4
2219 8
2220 7
2221 1
2222 3
2223 4
2224 5
2225 8
2229 3
2231 6
2233 8
2234 7
2237 5
2238 7
2240 7
2241 5
2242 2
2243 7
2246 8
2247 5
2248 2
2249 4
2251 4
2252 7
2253 2
2254 2
2256 4
2260 2
2262 7
2263 9
2264 4
2265 4
2267 6
2268 7
2269 2
2270 7
2271 8
2272 8
2275 7
2278 7
2279 5
2282 5
2284 3
2285 7
2286 6
2288 3
2289 8
2290 7
2291 5
2293 9
2296 2
2297 8
2298 8
2299 2
2300 3
2301 7
2303 3
2305 3
2306 4
2307 4
2308 3
2309 8
2311 2
2312 3
2314 7
2317 7
2319 4
2320 9
2321 6
2322 5
2325 7
2326 0
2327 2
2330 4
2331 6
2332 7
2334 7
2336 4
2337 6
2338 4
2339 5
2340 4
2342 9
2344 7
2346 5
2347 3
2348 3
2349 8
2350 2
2351 3
2352 6
2353 2
2354 2
2358 1
2360 6
2362 8
2363 4
2365 7
2367 6
2368 4
2369 5
2371 4
2372 7
2373 4
2374 2
2375 4
2377 7
2380 9
2381 8
2382 8
2383 6
2385 0
2386 4
2387 9
2388 6
2389 8
2390 2
2391 2
2392 3
2393 8
2394 4
2395 8
2396 2
2397 2
2399 7
2400 5
2401 4
2402 4
2404 4
2406 9
2407 7
2412 2
2413 5
2415 2
2419 8
2422 6
2423 8
2425 8
2428 6
2429 2
2430 8
2431 3
2432 2
2433 2
2436 4
2437 2
2439 2
2440 4
2441 3
2442 7
2445 5
2446 2
2447 4
2449 0
2450 3
2451 8
2452 5
2453 3
2454 6
2457 4
2458 6
2459 2
2460 5
2462 2
2463 7
2464 4
2465 6
2466 6
2467 8
2468 6
2469 6
2470 8
2471 6
2474 7
2475 2
2476 5
2480 7
2481 2
2482 7
2483 6
2484 7
2486 6
2487 5
2488 2
2489 4
2490 7
2491 2
2495 2
2496 2
2498 4
2499 4
2500 2
2501 3
2503 2
2505 7
2507 7
2508 6
2509 4
2512 8
2513 7
2514 4
2515 5
2516 9
2517 2
2518 5
2520 8
2521 7
2523 7
2525 5
2526 5
2530 4
2532 6
2533 3
2534 3
2535 6
2537 4
2539 7
2540 5
2542 6
2543 8
2545 5
2546 5
2547 7
2549 3
2550 8
2551 3
2552 8
2554 5
2555 3
2556 5
2558 5
2559 5
2560 3
2561 8
2562 6
2563 7
2564 7
2565 7
2566 3
2567 7
2569 5
2572 2
2573 5
2574 5
2575 3
2577 7
2578 7
2579 8
2580 6
2581 5
2584 8
2586 5
2588 7
2589 9
2591 7
2594 3
2595 7
2596 2
2597 5
2598 8
2600 8
2601 6
2602 2
2604 5
2605 7
2606 5
2607 7
2608 8
2609 6
2610 2
2611 5
2613 4
2614 8
2615 4
2616 5
2617 8
2618 3
2620 6
2621 2
2622 7
2623 3
2625 2
2628 7
2629 3
2630 4
2631 0
2635 2
2636 8
2639 3
2640 8
2642 7
2643 6
2644 5
2645 4
2646 7
2647 3
2649 0
2650 8
2651 6
2652 2
2653 5
2654 6
2658 4
2659 4
2662 2
2664 2
2665 7
2666 7
2667 8
2668 5
2669 2
2670 5
2671 7
2672 6
2675 4
2677 6
2678 4
2679 2
2680 4
2681 3
2682 5
2683 4
2684 3
2686 5
2689 5
2690 3
2691 8
2695 7
2697 5
2698 5
2699 2
2700 7
2701 4
2702 6
2705 1
2708 4
2709 4
2710 7
2711 6
2712 3
2713 0
2715 4
2718 6
2719 1
2721 6
2724 8
2726 2
2727 5
2728 6
2729 2
2730 7
2731 3
2732 6
2733 0
2736 7
2737 6
2738 6
2739 8
2741 2
2743 5
2744 8
2746 1
2749 7
2750 6
2751 6
2752 2
2753 1
2754 6
2756 3
2758 8
2759 6
2760 9
2762 6
2766 6
2768 5
2770 3
2771 4
2772 5
2773 5
2774 8
2775 5
2776 3
2778 4
2780 2
2782 6
2783 8
2784 2
2787 2
2790 5
2791 6
2793 8
2795 6
2796 6
2797 5
2798 5
2799 3
2800 8
2801 6
2802 2
2804 4
2805 5
2806 4
2808 7
2809 8
2810 5
2814 5
2818 4
2819 4
2820 7
2823 7
2825 1
2826 6
2828 4
2829 5
2830 6
2831 6
2832 5
2833 7
2834 8
2835 4
2836 4
2837 7
2838 2
2839 5
2840 3
2841 7
2843 7
2844 7
2846 6
2847 4
2848 2
2849 8
2850 5
2851 7
2852 8
2853 3
2855 5
2856 8
2859 8
2860 6
2861 2
2862 8
2864 2
2865 3
2866 6
2869 8
2871 3
2872 4
2874 7
2876 6
2877 4
2879 4
2881 3
2882 4
2884 3
2886 4
2887 7
2888 7
2889 4
2890 7
2891 2
2893 3
2895 8
2896 8
2897 8
2898 4
2900 4
2901 4
2902 1
2903 5
2904 2
2905 8
2906 3
2907 4
2909 5
2910 2
2911 8
2913 5
2914 3
2915 7
2917 4
2918 2
2919 5
2920 6
2921 3
2922 5
2925 5
2927 3
2930 5
2931 3
2933 6
2935 8
2936 4
2937 0
2938 4
2940 2
2945 3
2946 1
2947 6
2948 5
2949 8
2951 5
2952 3
2953 3
2955 3
2956 5
2957 5
2959 2
2960 8
2961 7
2963 4
2967 7
2968 7
2969 5
2970 5
2971 2
2972 0
2975 8
2976 6
2977 2
2978 3
2980 6
2981 2
2985 3
2986 5
2987 5
2989 3
2990 8
2992 3
2993 7
2994 6
2995 6
2998 4
3000 6
3002 8
3004 2
3005 9
3007 5
3009 7
3010 3
3011 7
3012 8
3017 4
3018 6
3021 2
3022 5
3023 8
3024 4
3025 4
3026 1
3028 5
3029 4
3030 6
3031 6
3033 6
3035 2
3036 6
3037 2
3038 7
3040 7
3042 4
3046 8
3047 2
3048 2
3049 3
3051 6
3053 5
3054 7
3055 7
3057 2
3058 6
3059 7
3061 7
3062 8
3063 6
3064 8
3065 8
3066 4
3067 6
3068 8
3069 4
3071 2
3072 8
3073 1
3076 4
3078 3
3079 7
3080 3
3081 2
3082 3
3083 3
3084 7
3086 4
3087 0
3088 6
3089 2
3091 8
3093 5
3094 3
3095 5
3096 4
3098 7
3099 1
3100 5
3101 7
3102 5
3103 7
3104 3
3105 2
3106 2
3107 7
3108 3
3109 7
3110 3
3111 7
3112 8
3113 5
3114 4
3115 5
3116 2
3117 5
3118 6
3119 5
3120 3
3121 6
3122 7
3123 4
3125 7
3127 5
3128 2
3130 6
3133 4
3134 2
3135 6
3136 7
3137 4
3138 3
3139 8
3141 6
3142 2
3144 6
3145 5
3146 3
3150 3
3151 2
3153 8
3154 4
3155 4
3156 6
3157 5
3158 8
3159 6
3160 9
3161 7
3162 7
3163 8
3164 6
3166 7
3167 3
3169 4
3171 5
3172 4
3173 6
3174 4
3176 2
3180 2
3181 6
3182 6
3183 5
3184 7
3186 8
3187 6
3188 4
3189 7
3192 7
3193 3
3194 4
3195 2
3197 8
3198 8
3199 5
3201 2
3202 7
3204 8
3205 8
3206 8
3207 2
3208 7
3209 6
3210 0
3212 2
3213 7
3214 1
3216 8
3218 6
3220 5
3222 6
3223 2
3224 8
3225 7
3228 4
3229 2
3232 4
3233 4
3234 4
3235 4
3236 7
3238 6
3239 2
3245 8
3246 8
3247 4
3249 4
3250 2
3252 6
3254 6
3256 2
3257 2
3258 2
3260 2
3261 3
3262 7
3263 8
3267 2
3269 6
3270 6
3273 6
3274 2
3275 5
3277 7
3278 4
3279 8
3280 2
3282 4
3283 3
3284 8
3285 3
3288 4
3289 8
3290 3
3291 4
3292 7
3293 2
3294 7
3295 5
3296 7
3298 4
3299 3
3301 2
3302 6
3303 7
3304 6
3307 6
3308 7
3309 7
3311 5
3312 5
3313 8
3316 7
3318 2
3319 8
3321 5
3323 8
3324 8
3326 3
3327 2
3328 7
3329 7
3330 2
3331 6
3332 4
3333 7
3334 5
3335 5
3336 5
3337 2
3339 2
3340 8
3341 4
3342 6
3343 8
3344 6
3345 5
3346 0
3348 8
3349 7
3350 6
3352 7
3355 2
3356 7
3357 4
3358 0
3360 7
3361 7
3362 6
3363 3
3364 8
3365 6
3366 4
3367 2
3370 4
3372 5
3373 7
3374 8
3375 2
3376 7
3377 4
3378 7
3381 3
3382 6
3383 6
3384 2
3385 9
3388 4
3389 8
3390 3
3391 6
3393 5
3394 9
3395 6
3396 2
3397 4
3398 6
3399 7
3400 7
3402 6
3403 6
3405 4
3406 8
3408 5
3409 3
3410 4
3414 5
3415 2
3416 5
3418 7
3422 6
3423 7
3424 6
3425 7
3427 6
3428 6
3429 4
3431 4
3432 3
3435 2
3436 2
3437 4
3440 8
3441 7
3442 6
3443 3
3444 4
3447 6
3450 0
3451 7
3453 7
3456 3
3459 9
3461 7
3462 5
3463 4
3465 4
3466 8
3468 5
3469 3
3470 5
3473 8
3474 2
3475 3
3476 3
3482 2
3483 9
3484 3
3486 3
3488 6
3489 2
3490 4
3492 8
3494 7
3495 4
3497 4
3498 7
3499 8
3500 4
3502 8
3505 7
3506 5
3508 2
3509 8
3510 2
3511 2
3513 2
3514 2
3515 3
3516 8
3517 4
3518 6
3519 8
3520 6
3521 8
3522 2
3523 4
3524 6
3525 7
3527 3
3528 3
3530 4
3531 3
3533 4
3534 4
3535 7
3537 5
3539 6
3540 0
3541 4
3542 4
3543 4
3544 4
3545 6
3547 2
3548 3
3549 3
3550 6
3551 4
3552 5
3554 6
3555 8
3556 5
3557 6
3558 5
3559 8
3560 6
3561 4
3563 8
3564 6
3565 5
3566 2
3567 8
3568 4
3569 5
3570 5
3571 4
3572 7
3573 7
3574 0
3575 7
3576 8
3577 2
3578 2
3579 3
3580 7
3583 8
3585 7
3588 8
3589 7
3590 5
3591 5
3594 7
3595 5
3596 4
3597 9
3598 1
3599 2
3600 2
3602 6
3603 6
3604 7
3607 4
3609 7
3610 4
3611 2
3612 4
3614 6
3615 4
3616 7
3617 6
3619 5
3620 3
3621 4
3622 6
3623 5
3626 8
3627 8
3628 2
3629 8
3631 5
3632 7
3633 8
3635 8
3636 5
3637 7
3643 7
3644 8
3645 5
3646 0
3647 7
3653 4
3654 5
3655 2
3656 7
3657 6
3658 2
3661 2
3662 8
3663 5
3665 6
3667 7
3668 2
3670 3
3671 6
3672 4
3674 8
3675 2
3676 4
3678 5
3681 2
3682 2
3683 6
3684 4
3685 4
3686 3
3688 6
3690 6
3691 5
3692 7
3694 2
3695 0
3696 2
3697 6
3700 4
3701 3
3702 5
3703 2
3704 8
3705 8
3707 8
3708 8
3712 6
3713 7
3714 6
3717 3
3718 4
3719 7
3720 7
3721 7
3722 4
3724 0
3725 6
3726 4
3727 8
3728 4
3729 2
3730 7
3731 2
3732 8
3736 7
3737 8
3738 3
3739 3
3740 3
3743 7
3744 6
3748 6
3749 6
3750 5
3751 7
3752 4
3753 7
3754 5
3756 5
3757 8
3758 4
3762 6
3763 5
3767 7
3769 3
3770 4
3771 8
3772 2
3773 2
3775 2
3776 5
3778 5
3780 4
3781 8
3782 8
3785 2
3787 3
3788 5
3792 4
3793 4
3794 8
3795 3
3796 2
3797 5
3799 7
3800 6
3801 6
3802 2
3806 5
3807 8
3808 7
3810 5
3811 2
3812 3
3813 8
3814 5
3816 8
3817 2
3819 4
3820 9
3822 6
3823 2
3824 3
3825 3
3826 5
3827 6
3828 4
3829 8
3832 2
3833 8
3834 3
3835 6
3836 7
3837 5
3838 7
3839 2
3841 4
3844 2
3845 8
3846 6
3848 7
3853 6
3854 7
3855 5
3860 5
3862 2
3863 5
3865 4
3868 8
3871 8
3873 8
3875 4
3876 2
3877 5
3878 7
3879 9
3880 8
3882 8
3884 9
3886 6
3887 8
3890 5
3892 8
3893 5
3896 3
3898 5
3899 2
3901 6
3902 5
3904 2
3905 8
3906 1
3907 5
3908 6
3909 2
3910 3
3912 2
3913 2
3914 6
3915 4
3916 3
3917 5
3918 5
3920 7
3921 2
3923 6
3928 5
3929 5
3931 6
3932 2
3933 2
3934 8
3935 6
3936 7
3938 4
3939 6
3941 4
3945 2
3946 2
3948 6
3949 8
3951 8
3952 5
3953 3
3954 8
3955 5
3956 4
3957 5
3958 2
3960 5
3961 6
3962 3
3963 2
3964 8
3965 3
3966 9
3968 5
3969 7
3971 4
3972 6
3973 7
3975 3
3976 7
3977 3
3978 6
3979 6
3983 1
3986 2
3987 8
3988 8
3989 0
3991 6
3993 7
3994 5
3995 3
3996 4
3997 7
3998 4
4000 9
4001 4
4002 3
4003 6
4004 3
4007 7
4008 6
4011 8
4012 4
4017 4
4018 3
4019 6
4020 8
4022 6
4024 4
4027 7
4028 7
4029 4
4031 5
4037 6
4038 2
4041 8
4042 4
4045 6
4046 4
4049 7
4051 6
4052 5
4053 7
4054 5
4055 2
4056 5
4058 8
4059 5
4060 4
4061 7
4062 0
4063 6
4064 7
4065 0
4066 2
4067 5
4068 8
4071 4
4072 5
4073 7
4075 8
4076 5
4081 6
4083 7
4084 3
4086 8
4089 7
4092 8
4094 5
4096 8
4098 2
4099 7
4100 2
4102 7
4103 2
4106 3
4107 7
4108 5
4109 3
4111 9
4112 8
4113 2
4114 2
4115 2
4116 8
4117 8
4118 5
4119 7
4120 3
4121 8
4123 8
4124 8
4125 6
4126 8
4127 2
4128 3
4130 7
4131 5
4132 6
4133 2
4135 2
4136 8
4137 8
4139 6
4140 8
4141 8
4142 7
4145 8
4148 7
4149 2
4151 7
4152 5
4156 2
4159 8
4160 6
4161 2
4165 8
4166 0
4167 2
4172 4
4173 2
4175 7
4176 2
4177 5
4180 2
4185 1
4187 2
4189 2
4192 4
4193 6
4194 4
4196 5
4197 4
4199 7
4200 7
4201 1
4202 5
4203 6
4204 2
4205 2
4206 2
4207 8
4209 6
4211 6
4212 1
4214 7
4215 7
4217 4
4218 8
4219 5
4220 3
4221 4
4222 3
4223 4
4225 7
4226 5
4228 7
4229 4
4230 8
4231 8
4233 5
4234 3
4236 5
4238 7
4239 6
4242 3
4243 6
4244 3
4246 8
4247 2
4248 2
4250 2
4251 8
4252 6
4253 8
4254 5
4255 5
4256 3
4258 4
4260 2
4261 5
4263 5
4265 4
4266 4
4268 4
4269 4
4270 3
4271 5
4274 2
4275 2
4276 3
4277 3
4279 2
4281 0
4283 9
4284 9
4285 6
4289 2
4290 8
4291 4
4295 7
4296 2
4297 7
4298 9
4300 5
4302 5
4305 8
4306 3
4307 5
4310 5
4311 3
4312 5
4313 4
4315 5
4317 3
4322 7
4323 5
4324 4
4326 2
4330 5
4332 4
4334 3
4335 3
4336 6
4338 5
4339 2
4340 5
4341 2
4342 2
4345 2
4346 6
4347 6
4349 1
4350 2
4352 3
4354 2
4355 5
4356 5
4357 7
4359 5
4360 5
4362 8
4364 5
4366 3
4367 2
4368 5
4371 8
4372 8
4373 4
4374 5
4375 8
4376 8
4377 4
4378 5
4379 4
4380 8
4381 5
4382 4
4384 2
4385 2
4387 2
4388 6
4389 8
4390 8
4391 7
4393 3
4394 6
4395 6
4396 4
4398 8
4399 8
4400 7
4401 2
4402 2
4411 8
4412 6
4413 6
4414 4
4415 2
4416 6
4418 2
4419 8
4420 5
4421 4
4422 5
4423 7
4426 9
4427 2
4429 8
4431 4
4433 7
4434 8
4435 3
4437 3
4438 4
4439 6
4440 5
4441 6
4442 2
4443 3
4445 2
4446 6
4449 6
4451 2
4452 8
4453 7
4455 8
4456 2
4458 4
4459 7
4460 7
4461 5
4463 5
4464 6
4465 4
4466 6
4467 7
4468 4
4471 7
4472 5
4474 7
4475 4
4476 2
4477 0
4478 8
4481 4
4482 2
4483 4
4484 6
4485 7
4486 8
4487 7
4488 6
4490 4
4492 3
4493 7
4494 3
4496 8
4497 8
4498 7
4499 6
4500 9
4501 3
4503 2
4504 2
4506 2
4508 8
4509 3
4510 2
4512 6
4513 8
4514 4
4517 2
4518 8
4519 4
4520 5
4521 2
4522 7
4523 8
4528 3
4529 5
4530 7
4532 3
4535 3
4536 6
4539 7
4540 7
4541 3
4543 8
4544 4
4545 8
4546 2
4547 6
4548 5
4549 2
4551 7
4552 3
4557 6
4558 4
4559 2
4560 9
4561 7
4562 2
4565 6
4566 7
4567 4
4568 7
4569 5
4571 6
4572 8
4573 2
4575 4
4576 4
4577 5
4578 7
4579 6
4581 3
4582 2
4583 5
4586 3
4587 6
4590 4
4591 6
4593 7
4594 2
4596 5
4598 4
4599 6
4600 3
4601 8
4605 3
4606 1
4607 6
4608 8
4609 4
4612 7
4613 3
4615 2
4618 6
4619 6
4620 6
4621 3
4622 6
4623 7
4624 7
4625 2
4626 8
4627 6
4629 8
4632 2
4634 8
4635 3
4636 2
4637 5
4638 3
4639 8
4640 8
4645 5
4649 6
4652 4
4654 7
4656 2
4657 3
4658 7
4660 7
4661 4
4664 3
4666 2
4667 8
4668 2
4669 7
4671 8
4674 1
4677 7
4678 7
4680 6
4684 2
4686 6
4689 5
4690 7
4693 7
4694 6
4695 4
4696 5
4697 7
4698 6
4699 6
4702 6
4703 3
4704 6
4705 2
4707 8
4709 2
4710 2
4711 5
4712 5
4713 2
4714 3
4715 7
4716 2
4721 4
4722 5
4723 2
4724 8
4725 2
4726 8
4727 3
4728 5
4730 7
4731 8
4733 1
4734 2
4736 7
4737 8
4738 4
4739 0
4740 3
4742 7
4743 8
4744 8
4745 4
4746 7
4747 7
4748 8
4749 5
4750 8
4751 4
4753 8
4755 3
4756 8
4758 3
4760 7
4761 9
4762 5
4763 5
4765 6
4766 5
4767 7
4768 4
4771 5
4772 4
4773 7
4775 2
4777 8
4779 6
4781 7
4782 3
4783 4
4784 7
4785 3
4787 6
4788 0
4789 8
4790 6
4791 4
4792 8
4793 7
4794 7
4796 3
4797 8
4798 6
4800 7
4801 2
4802 3
4803 4
4805 2
4807 8
4808 3
4809 5
4810 5
4811 7
4812 2
4813 4
4814 6
4815 7
4816 2
4817 8
4818 3
4820 8
4821 7
4822 8
4825 8
4826 4
4827 4
4828 5
4829 8
4830 5
4831 6
4832 6
4833 3
4837 7
4838 6
4839 8
4841 3
4842 4
4844 5
4845 8
4848 2
4849 8
4850 8
4851 6
4852 8
4854 3
4855 7
4857 0
4860 4
4861 7
4863 8
4865 7
4866 4
4867 5
4868 7
4870 2
4873 3
4874 9
4875 6
4876 2
4878 2
4879 8
4881 7
4882 6
4883 6
4885 3
4886 7
4888 5
4889 2
4890 8
4892 5
4893 4
4894 3
4895 8
4896 4
4897 6
4898 6
4899 2
4900 7
4902 5
4905 2
4906 4
4908 6
4911 4
4912 4
4913 7
4914 6
4915 5
4916 4
4920 2
4921 7
4922 8
4923 0
4925 3
4926 6
4928 3
4929 4
4933 5
4934 6
4936 7
4938 7
4939 2
4940 3
4941 2
4942 5
4943 2
4944 2
4946 4
4948 8
4950 2
4952 6
4954 2
4955 7
4956 8
4960 8
4961 2
4962 2
4964 2
4965 2
4966 7
4968 9
4969 2
4970 7
4971 5
4974 4
4976 4
4978 8
4979 5
4980 6
4981 2
4982 8
4983 3
4985 2
4986 8
4987 4
4990 3
4991 7
4993 7
4994 7
4995 2
4996 3
4997 2
4998 4
5001 9
5003 8
5004 4
5007 6
5010 6
5011 8
5012 6
5016 8
5018 2
5019 3
5020 5
5021 5
5023 4
5024 2
5027 4
5028 3
5030 6
5032 4
5034 6
5035 0
5036 1
5037 2
5038 3
5039 4
5040 7
5041 8
5045 2
5046 3
5047 4
5048 7
5049 8
5051 0
5052 1
5053 2
5054 3
5055 4
5056 5
5057 6
5058 7
5059 8
5061 8
5062 3
5063 4
5064 7
5065 8
5066 6
5067 3
5068 4
5071 7
5074 3
5075 8
5076 4
5077 7
5078 3
5082 4
5083 5
5084 4
5085 6
5086 2
5088 6
5089 2
5094 7
5095 2
5096 4
5097 7
5098 5
5099 2
5101 4
5102 5
5103 8
5104 4
5105 2
5107 7
5110 7
5111 5
5112 1
5113 1
5114 7
5115 6
5116 6
5117 6
5118 8
5119 2
5120 2
5121 7
5122 7
5123 4
5125 2
5126 4
5127 2
5129 8
5131 6
5132 1
5134 5
5136 6
5138 8
5140 3
5142 8
5143 3
5145 6
5146 3
5149 2
5150 3
5151 4
5152 5
5153 6
5154 7
5155 0
5157 2
5158 3
5159 4
5160 5
5161 6
5162 7
5163 8
5165 0
5167 2
5168 3
5169 4
5170 5
5171 6
5172 7
5173 8
5174 5
5175 4
5176 8
5177 7
5178 4
5179 7
5180 7
5181 3
5183 8
5184 8
5185 3
5187 5
5188 8
5189 2
5190 7
5191 4
5192 2
5194 5
5195 4
5196 5
5197 5
5198 8
5199 6
5200 4
5201 4
5202 4
5204 8
5205 7
5206 5
5207 5
5209 8
5212 3
5213 6
5214 3
5215 3
5216 2
5217 2
5218 6
5221 6
5222 5
5223 5
5224 3
5225 3
5226 8
5228 6
5229 5
5230 6
5231 8
5234 7
5235 6
5236 8
5237 3
5238 7
5239 4
5240 7
5243 0
5244 0
5245 3
5246 7
5248 3
5250 2
5251 0
5254 1
5256 4
5258 1
5260 4
5261 7
5263 6
5264 2
5265 6
5266 2
5267 2
5272 2
5273 3
5274 4
5275 5
5276 6
5277 7
5278 8
5281 1
5282 2
5284 4
5285 5
5286 6
5287 7
5288 8
5292 2
5293 3
5294 4
5295 5
5296 6
5297 7
5298 8
5300 8
5302 5
5303 6
5304 6
5306 8
5308 2
5309 3
5310 7
5312 4
5313 7
5316 1
5317 7
5319 4
5322 4
5324 7
5325 5
5326 7
5328 3
5329 3
5330 3
5331 1
5332 6
5334 7
5335 4
5336 3
5338 2
5339 5
5340 2
5341 6
5343 8
5345 4
5346 3
5347 5
5348 4
5349 8
5351 5
5354 6
5355 4
5356 3
5357 6
5358 3
5359 3
5360 8
5361 1
5362 4
5363 7
5364 5
5365 7
5366 2
5367 2
5371 7
5372 7
5374 5
5376 8
5377 9
5378 6
5379 8
5380 8
5381 2
5382 3
5383 6
5385 2
5387 8
5389 5
5390 2
5391 6
5392 2
5393 4
5394 8
5395 4
5396 6
5397 5
5400 5
5401 6
5402 7
5403 8
5406 1
5407 2
5408 3
5409 4
5410 5
5411 6
5412 7
5413 8
5417 2
5418 3
5419 4
5420 5
5421 6
5422 7
5423 8
5425 7
5426 4
5427 2
5432 5
5433 8
5434 8
5436 2
5437 7
5438 8
5439 4
5440 4
5441 6
5444 4
5445 5
5446 3
5448 4
5449 2
5451 5
5454 3
5455 2
5457 1
5458 6
5461 1
5462 8
5464 4
5465 7
5466 7
5467 6
5468 3
5469 6
5471 7
5472 3
5473 5
5474 4
5475 2
5476 4
5478 8
5479 3
5480 5
5481 6
5482 7
5484 6
5485 7
5486 1
5487 2
5488 5
5489 8
5492 3
5493 8
5494 2
5495 8
5496 7
5497 6
5498 7
5500 4
5501 6
5502 2
5504 3
5507 2
5508 3
5509 4
5510 5
5511 6
5512 7
5515 2
5516 3
5517 4
5518 5
5521 2
5522 8
5525 4
5526 0
5528 5
5529 0
5530 8
5532 7
5533 7
5536 2
5539 6
5540 7
5541 2
5542 3
5543 8
5545 2
5547 8
5548 8
5549 7
5551 7
5556 4
5557 2
5558 6
5559 4
5560 7
5561 4
5562 2
5563 7
5564 4
5567 0
5568 6
5569 8
5570 5
5571 5
5572 5
5573 3
5574 5
5576 7
5577 4
5578 8
5579 5
5581 6
5583 3
5585 3
5586 8
5589 8
5591 6
5595 2
5596 3
5597 4
5598 5
5599 6
5600 7
5601 8
5605 2
5607 4
5608 5
5609 6
5610 7
5611 8
5615 2
5616 3
5617 4
5618 5
5619 6
5620 7
5621 8
5623 3
5624 5
5625 3
5626 2
5628 3
5629 2
5631 4
5632 5
5633 5
5634 2
5635 3
5636 2
5638 3
5639 9
5640 7
5641 2
5643 2
5644 8
5647 8
5648 8
5649 7
5650 8
5654 7
5655 7
5656 8
5657 7
5658 5
5660 6
5662 5
5663 7
5664 4
5665 6
5667 2
5668 5
5670 7
5674 3
5675 8
5676 4
5677 4
5678 8
5680 8
5681 6
5682 5
5688 7
5690 6
5691 4
5692 2
5693 6
5694 6
5696 4
5697 5
5698 4
5701 8
5702 6
5706 5
5708 3
5709 7
5710 8
5711 5
5712 6
5713 4
5714 7
5715 6
5716 2
5717 2
5720 4
5723 2
5725 4
5726 5
5727 6
5728 7
5729 8
5733 2
5734 3
5735 5
5736 6
5739 2
5740 3
5741 4
5742 5
5743 6
5744 8
5745 7
5746 1
5747 3
5748 2
5749 8
5751 7
5752 5
5755 6
5758 4
5759 1
5760 3
5761 2
5763 2
5764 3
5765 8
5766 3
5767 2
5768 6
5769 5
5770 6
5771 8
5772 2
5773 7
5774 4
5775 8
5777 8
5779 5
5780 3
5782 4
5785 2
5788 6
5789 7
5792 4
5793 6
5795 7
5797 8
5798 7
5799 2
5801 6
5802 5
5803 8
5804 3
5807 5
5808 7
5809 1
5810 6
5812 0
5814 3
5815 3
5816 4
5817 4
5819 6
5820 2
5821 5
5822 4
5823 2
5824 3
5825 4
5826 6
5829 2
5832 4
5833 5
5834 6
5835 7
5836 8
5839 1
5840 2
5841 3
5842 4
5843 5
5844 6
5845 7
5846 8
5847 0
5849 2
5850 3
5851 4
5852 5
5853 6
5854 7
5855 8
5857 8
5858 7
5860 3
5861 7
5862 5
5863 2
5864 8
5866 7
5867 5
5874 5
5875 8
5876 8
5877 6
5878 3
5879 2
5881 8
5882 3
5883 2
5884 6
5885 5
5886 6
5887 7
5888 4
5891 5
5895 2
5898 6
5900 4
5901 6
5903 7
5904 3
5905 8
5906 7
5907 2
5909 6
5910 5
5911 8
5912 3
5913 5
5914 7
5916 6
5920 6
5921 2
5922 5
5923 4
5924 2
5925 3
5926 4
5927 4
5928 6
5931 2
5934 2
5936 4
5937 5
5938 6
5939 7
5940 8
5944 2
5946 4
5947 5
5948 6
5949 7
5950 8
5954 2
5955 3
5956 4
5957 5
5958 6
5959 7
5960 8
5962 8
5963 6
5964 5
5966 6
5967 8
5969 4
5972 5
5975 4
5976 8
5978 1
5979 4
5981 5
5982 5
5983 2
5985 5
5986 4
5988 7
5989 6
5992 7
5994 6
5995 8
5997 5
5999 7
6001 8
6002 6
6004 8
6005 1
6006 7
6007 7
6010 2
6011 3
6013 4
6014 2
6017 7
6018 8
6019 4
6020 6
6021 4
6024 8
6025 4
6026 7
6027 2
6028 5
6029 6
6031 6
6033 6
6034 3
6035 2
6036 2
6037 4
6038 6
6040 0
6041 2
6042 5
6043 5
6048 7
6049 8
6050 7
6051 2
6052 2
6053 5
6054 7
6056 8
6057 2
6059 3
6063 1
6064 2
6065 3
6066 4
6067 5
6068 6
6069 7
6070 8
6072 0
6073 1
6074 2
6075 3
6076 4
6077 5
6078 6
6079 7
6080 8
6084 2
6085 3
6086 4
6087 5
6088 6
6089 7
6090 8
6093 2
6094 6
6095 5
6096 3
6098 7
6100 4
6102 4
6103 3
6104 6
6105 7
6106 2
6107 3
6108 1
6109 2
6111 2
6113 6
6115 1
6116 3
6118 2
6119 7
6120 5
6121 7
6122 6
6123 2
6124 9
6128 6
6130 6
6132 2
6134 6
6136 5
6137 8
6138 4
6139 3
6142 5
6143 4
6144 4
6145 8
6146 5
6147 7
6148 5
6149 7
6150 8
6151 3
6152 4
6153 8
6154 8
6155 5
6156 2
6158 7
6160 3
6161 8
6164 7
6165 5
6167 6
6169 4
6170 7
6171 7
6174 3
6175 4
6176 4
6177 3
6178 8
6179 6
6180 2
6183 2
6184 3
6185 4
6186 5
6187 6
6188 7
6189 8
6193 2
6194 3
6195 4
6196 5
6197 6
6198 7
6199 8
6203 2
6204 3
6205 4
6206 5
6207 6
6208 7
6209 8
6212 8
6213 3
6215 5
6216 5
6217 2
6218 6
6219 8
6220 4
6223 7
6225 2
6226 3
6227 5
6228 9
6229 6
6234 2
6236 5
6237 6
6238 8
6239 1
6240 2
6241 0
6242 7
6243 7
6244 5
6245 8
6246 2
6248 8
6251 4
6252 6
6253 7
6255 3
6256 4
6257 5
6258 6
6260 3
6261 6
6262 8
6263 7
6265 4
6266 2
6267 7
6268 4
6269 7
6270 5
6271 4
6273 4
6274 2
6275 8
6276 1
6277 5
6278 1
6279 2
6281 2
6282 5
6283 6
6284 4
6285 3
6289 3
6290 3
6291 5
6292 7
6294 6
6295 4
6296 8
6297 8
6298 6
6299 3
6300 4
6301 6
6304 8
6305 2
6306 7
6307 7
6311 2
6312 3
6313 4
6314 5
6315 6
6316 7
6317 8
6321 2
6322 3
6323 4
6324 5
6325 6
6326 7
6327 8
6330 2
6331 3
6332 4
6333 5
6334 6
6335 7
6336 8
6337 2
6339 7
6340 2
6341 5
6343 8
6344 0
6345 2
6346 7
6347 8
6348 8
6350 6
6352 2
6353 7
6354 6
6355 6
6357 2
6358 8
6359 8
6360 7
6361 7
6362 4
6363 7
6364 7
6366 7
6367 4
6368 5
6369 4
6371 3
6372 8
6373 4
6377 7
6378 4
6380 7
6384 2
6385 5
6386 5
6387 6
6388 6
6390 5
6391 2
6392 5
6395 8
6396 4
6398 0
6399 6
6400 0
6402 6
6403 8
6404 8
6405 5
6406 6
6410 8
6412 2
6413 3
6414 5
6415 5
6417 4
6418 2
6421 3
6423 2
6425 6
6427 4
6431 2
6432 3
6433 4
6434 7
6435 8
6439 2
6440 3
6441 7
6442 8
6445 1
6446 2
6447 3
6448 4
6449 7
6450 8
6452 7
6453 3
6455 3
6457 8
6458 7
6459 6
6460 4
6462 2
6463 6
6464 8
6465 3
6466 2
6467 8
6468 1
6469 2
6470 0
6471 7
6472 1
6473 0
6474 4
6475 4
6476 5
6477 8
6479 6
6480 2
6481 3
6482 1
6483 5
6485 8
6486 5
6488 4
6490 7
6491 5
6492 8
6493 8
6494 3
6495 8
6497 2
6498 6
6499 2
6500 5
6501 3
6502 1
6503 7
6504 3
6505 9
6509 6
6511 3
6513 2
6514 8
6515 1
6516 4
6517 3
6518 5
6519 2
6521 2
6522 5
6523 8
6525 5
6528 2
6529 4
6530 5
6531 6
6534 2
6535 3
6536 4
6537 5
6538 6
6539 7
6541 2
6542 3
6543 4
6544 5
6547 4
6548 5
6549 6
6550 6
6552 4
6553 4
6554 2
6555 8
6558 6
6559 4
6561 7
6562 2
6563 3
6564 3
6566 2
6569 3
6570 3
6573 5
6574 2
6575 3
6576 7
6577 7
6578 8
6579 4
6581 2
6582 4
6584 2
6585 4
6586 7
6587 8
6589 7
6591 6
6593 3
6594 2
6595 8
6596 6
6597 0
6598 5
6599 7
6600 5
6603 8
6605 6
6606 7
6607 2
6609 7
6611 5
6612 8
6613 6
6614 2
6615 6
6616 2
6617 8
6619 7
6620 5
6621 0
6624 3
6625 8
6626 4
6629 8
6630 6
6631 8
6635 2
6636 3
6637 4
6638 5
6639 6
6640 7
6641 8
6643 0
6644 1
6645 2
6646 3
6647 4
6648 7
6649 8
6651 0
6653 7
6654 8
6657 8
6659 8
6660 4
6661 1
6662 7
6663 7
6664 3
6665 3
6666 7
6667 6
6668 6
6669 6
6672 0
6674 7
6675 6
6677 2
6679 7
6681 3
6684 7
6685 6
6686 8
6687 4
6688 1
6689 4
6691 6
6693 6
6694 1
6695 4
6696 4
6697 7
6698 2
6699 4
6700 4
6703 2
6704 3
6705 4
6706 5
6707 6
6708 7
6709 8
6713 2
6714 3
6715 4
6716 5
6717 6
6720 1
6721 2
6722 3
6723 4
6724 7
6725 8
6726 1
6727 3
6728 5
6729 1
6730 7
6731 7
6732 2
6734 4
6735 8
6736 3
6737 4
6738 4
6739 3
6741 7
6742 4
6744 2
6745 3
6746 5
6749 6
6750 0
6754 2
6755 8
6756 7
6759 4
6761 4
6762 7
6763 3
6764 6
6765 8
6767 3
6768 7
6769 4
6771 6
6773 2
6774 6
6775 5
6776 8
6777 6
6779 0
6780 4
6782 6
6783 1
6785 2
6787 9
6788 5
6789 1
6790 3
6791 7
6792 6
6794 3
6796 2
6797 2
6800 2
6801 3
6802 4
6803 5
6804 6
6805 7
6806 8
6810 2
6811 3
6812 4
6813 5
6814 6
6815 7
6816 8
6818 0
6820 2
6821 3
6822 4
6823 5
6824 6
6825 7
6826 8
6828 2
6830 7
6831 2
6832 5
6834 8
6836 2
6837 7
6838 8
6839 8
6840 3
6842 6
6843 0
6844 2
6845 7
6846 6
6847 6
6849 2
6850 8
6851 8
6852 7
6853 7
6854 4
6855 7
6856 7
6858 7
6859 4
6860 5
6861 4
6864 8
6865 4
6866 5
6867 4
6871 7
6872 4
6874 7
6876 3
6878 2
6879 5
6880 5
6881 6
6884 5
6885 2
6886 5
6889 8
6890 4
6893 6
6894 0
6896 6
6897 8
6898 8
6899 5
6900 6
6904 8
6906 2
6907 3
6908 5
6909 5
6911 4
6912 2
6915 4
6920 2
6922 6
6924 4
6925 0
6926 6
6929 2
6930 3
6931 4
6932 5
6933 6
6934 7
6935 8
6939 2
6940 3
6941 4
6942 5
6943 6
6944 7
6945 8
6949 2
6950 3
6951 4
6952 5
6953 6
6954 7
6955 8
6957 3
6958 8
6960 7
6962 0
6963 7
6964 5
6965 5
6966 6
6967 9
6970 0
6972 8
6973 3
6974 4
6975 3
6977 5
6978 0
6981 5
6982 3
6983 4
6985 3
6986 7
6987 6
6989 2
6990 4
6991 5
6992 7
6993 2
6994 6
6995 4
6997 4
6999 4
7001 2
7002 2
7003 5
7004 8
7006 3
7007 2
7009 4
7010 3
7011 8
7012 2
7013 2
7015 2
7016 8
7017 6
7018 5
7020 6
7021 7
7022 2
7024 3
7026 3
7027 8
7028 7
7029 5
7030 7
7032 7
7033 4
7034 8
7035 8
7036 5
7038 6
7039 6
7040 3
7041 7
7042 6
7045 4
7046 8
7047 4
7048 1
7049 0
7050 6
7051 6
7054 2
7055 3
7056 4
7057 5
7058 6
7059 7
7060 8
7064 2
7065 3
7066 4
7067 5
7068 6
7069 7
7070 8
7074 2
7075 3
7076 4
7077 5
7078 6
7079 7
7080 8
7082 7
7083 4
7084 0
7085 4
7088 7
7090 5
7091 1
7092 4
7093 2
7094 8
7096 4
7097 3
7098 7
7099 8
7100 2
7101 4
7102 4
7103 3
7104 3
7105 6
7108 5
7109 8
7110 6
7111 7
7113 6
7114 8
7115 2
7116 6
7117 3
7119 3
7120 2
7121 8
7122 6
7124 7
7125 4
7126 8
7127 8
7130 3
7131 3
7133 0
7134 5
7135 2
7137 4
7139 0
7140 3
7141 7
7142 5
7143 8
7144 7
7145 7
7146 8
7147 2
7149 7
7151 2
7152 6
7153 4
7154 2
7155 5
7156 2
7157 3
7158 6
7159 6
7160 5
7161 0
7162 0
7163 2
7164 8
7165 1
7166 6
7169 4
7170 3
7171 1
7172 6
7177 4
7178 5
7179 6
7180 7
7181 8
7184 2
7185 3
7186 4
7187 5
7188 6
7189 7
7190 0
7191 1
7192 2
7193 3
7194 4
7195 5
7196 6
7197 7
7198 8
7200 8
7201 4
7204 7
7205 2
7206 4
7207 3
7208 8
7209 6
7210 6
7211 3
7212 2
7213 6
7214 3
7215 3
7217 1
7218 4
7219 7
7220 8
7222 3
7223 1
7229 2
7230 7
7231 0
7233 3
7234 8
7235 2
7237 2
7238 7
7239 6
7240 5
7241 5
7244 8
7245 2
7248 3
7249 2
7250 3
7251 4
7252 3
7257 3
7258 6
7259 8
7260 7
7264 5
7265 8
7266 2
7267 7
7268 7
7271 2
7272 3
7273 4
7274 5
7275 6
7276 7
7277 8
7281 2
7282 3
7283 4
7284 5
7285 6
7286 7
7287 8
7291 2
7292 3
7293 4
7294 5
7295 6
7296 7
7297 8
7300 7
7301 4
7302 8
7304 5
7305 6
7306 5
7307 7
7308 2
7309 8
7310 6
7312 3
7313 8
7314 6
7315 5
7316 4
7319 1
7320 7
7321 2
7324 5
7326 3
7327 2
7328 2
7329 3
7331 6
7332 4
7333 3
7334 7
7335 6
7337 0
7338 4
7339 8
7341 4
7343 6
7345 2
7346 6
7348 2
7349 2
7350 3
7351 5
7352 5
7354 0
7355 7
7356 7
7358 6
7359 2
7361 4
7362 7
7363 0
7364 2
7365 3
7366 4
7367 0
7369 8
7370 8
7371 8
7372 5
7374 3
7375 7
7376 4
7378 8
7379 8
7381 0
7383 8
7386 2
7387 6
7388 5
7389 6
7390 7
7391 4
7392 7
7393 5
7394 4
7396 3
7397 5
7398 3
7400 2
7401 3
7402 4
7403 5
7404 6
7405 1
7406 2
7407 3
7408 4
7409 6
7411 1
7412 2
7413 4
7414 5
7415 6
7416 7
7417 8
7418 1
7419 7
7420 2
7421 4
7423 4
7424 1
7425 4
7427 6
7428 8
7429 4
7430 5
7431 3
7432 7
7433 8
7434 4
7435 3
7436 3
7437 5
7438 6
7439 7
7440 0
7441 6
7442 1
7443 6
7444 8
7445 7
7448 5
7449 0
7450 8
7451 5
7452 0
7453 1
7454 5
7455 8
7456 4
7457 2
7458 3
7460 7
7461 6
7465 0
7466 6
7467 7
7469 2
7470 3
7472 2
7473 4
7474 5
7475 5
7476 3
7477 7
7478 5
7479 3
7480 1
7481 8
7482 2
7483 2
7484 3
7486 2
7488 4
7490 7
7491 0
7492 2
7493 7
7494 4
7497 2
7498 5
7500 8
7501 3
7502 8
7503 6
7504 7
7505 0
7506 0
7508 2
7509 3
7510 4
7511 5
7512 6
7513 7
7514 8
7517 1
7518 2
7519 3
7520 4
7521 5
7522 6
7523 7
7524 8
7528 2
7529 3
7530 4
7531 5
7532 6
7533 7
7534 8
7536 0
7538 7
7539 2
7540 6
7541 5
7542 5
7543 3
7544 7
7545 8
7546 6
7547 6
7548 6
7549 6
7550 4
7551 3
7552 8
7553 8
7554 3
7558 0
7559 5
7560 4
7563 1
7564 2
7565 7
7568 3
7569 8
7570 2
7572 2
7573 7
7574 4
7575 2
7576 6
7577 5
7578 5
7583 5
7584 7
7585 6
7586 8
7587 2
7588 9
7589 4
7590 3
7595 3
7596 6
7597 8
7598 7
7599 0
7602 5
7603 8
7604 2
7605 7
7606 7
7608 1
7609 2
7611 4
7612 5
7613 6
7614 7
7615 8
7619 2
7620 3
7621 4
7622 5
7623 8
7627 2
7628 3
7629 4
7630 5
7631 6
7632 7
7633 8
7635 2
7637 2
7642 8
7643 5
7644 3
7645 7
7647 7
7648 7
7649 5
7650 7
7653 4
7654 7
7656 3
7657 4
7659 5
7660 8
7662 4
7663 8
7664 4
7666 8
7667 6
7668 6
7669 4
7670 6
7672 5
7673 5
7676 5
7677 7
7678 2
7679 5
7681 6
7683 2
7684 6
7685 2
7687 2
7689 8
7691 8
7692 3
7694 8
7695 7
7696 4
7698 5
7701 7
7704 4
7705 6
7709 6
7710 2
7711 7
7712 6
7713 8
7715 5
7716 2
7718 8
7719 3
7720 8
7721 6
7724 2
7726 4
7729 2
7730 3
7731 4
7732 5
7733 6
7734 7
7735 8
7739 2
7740 3
7741 4
7742 5
7743 6
7744 7
7745 8
7749 2
7750 3
7751 4
7752 5
7753 6
7754 7
7755 8
7757 7
7758 6
7759 4
7760 7
7761 6
7762 2
7763 3
7764 4
7765 8
7766 7
7767 8
7768 6
7770 8
7771 3
7772 2
7773 2
7774 8
7775 4
7776 8
7777 5
7778 6
7779 5
7781 2
7785 2
7787 6
7788 8
7789 2
7790 1
7792 6
7793 5
7794 2
7796 7
7797 5
7798 3
7800 3
7801 7
7803 8
7804 3
7805 8
7808 5
7809 5
7811 1
7812 1
7814 8
7815 2
7816 6
7818 4
7819 5
7821 3
7823 8
7824 6
7825 7
7826 5
7829 3
7831 3
7833 4
7834 4
7836 4
7840 2
7841 3
7842 5
7843 6
7844 7
7845 8
7848 2
7849 3
7850 5
7851 6
7852 7
7853 8
7857 2
7858 3
7859 5
7860 6
7861 7
7862 8
7865 7
7870 5
7871 8
7872 8
7875 3
7876 2
7877 7
7878 8
7879 4
7880 6
7883 4
7885 4
7886 2
7888 5
7891 6
7893 3
7894 2
7897 6
7901 8
7902 7
7903 7
7904 6
7905 3
7906 6
7908 7
7909 2
7910 4
7912 7
7914 6
7915 7
7917 2
7918 5
7919 8
7921 8
7922 2
7923 8
7924 7
7925 6
7926 8
7927 7
7929 6
7930 2
7932 3
7935 2
7937 4
7938 5
7939 6
7940 7
7941 8
7945 2
7946 3
7947 4
7948 5
7949 6
7950 7
7951 8
7955 2
7956 3
7957 4
7958 5
7959 6
7960 7
7961 8
7963 8
7965 5
7966 7
7968 3
7970 6
7971 8
7972 4
7973 1
7974 5
7975 6
7976 4
7977 2
7978 7
7979 8
7981 3
7982 4
7983 3
7984 4
7985 7
7986 2
7988 5
7992 2
7993 3
7994 2
7995 3
7996 5
7997 5
7998 7
7999 8
8000 4
8003 7
8004 1
8008 7
8009 8
8010 3
8011 4
8012 8
8013 6
8014 3
8015 8
8016 0
8018 6
8019 2
8024 6
8025 2
8027 8
8030 7
8031 2
8033 4
8034 5
8035 5
8036 2
8037 8
8038 5
8039 4
8040 6
8041 6
8042 6
8043 7
8046 8
8047 2
8049 5
8050 3
8051 4
8052 7
8054 4
8059 2
8060 3
8061 4
8062 5
8063 6
8064 7
8065 8
8068 1
8069 2
8070 3
8071 4
8072 5
8073 6
8074 7
8075 8
8079 2
8080 3
8081 4
8082 5
8083 6
8086 1
8087 3
8089 5
8091 2
8092 4
8094 2
8095 4
8096 6
8097 8
8102 2
8103 6
8104 6
8105 8
8106 7
8107 4
8108 2
8110 7
8112 2
8115 3
8116 6
8118 1
8119 2
8120 3
8121 4
8122 5
8123 6
8124 7
8125 8
8129 2
8130 3
8131 4
8132 5
8133 6
8134 7
8135 8
8138 1
8139 2
8140 3
8141 4
8142 5
8143 6
8144 7
8145 8
8147 8
8148 6
8149 5
8151 7
8153 2
8154 3
8155 4
8156 3
8157 8
8158 5
8160 5
8161 2
8162 3
8165 2
8166 1
8167 3
8168 2
8169 6
8170 5
8171 3
8173 7
8174 2
8175 7
8176 4
8177 6
8178 4
8180 5
8183 8
8185 5
8186 3
8188 7
8189 4
8190 7
8191 6
8192 5
8193 4
8196 6
8197 6
8198 2
8200 6
8201 3
8202 7
8203 7
8204 4
8205 4
8206 3
8208 2
8209 8
8211 6
8214 5
8215 3
8216 8
8217 8
8218 7
8219 1
8220 4
8222 4
8223 8
8224 5
8225 2
8226 3
8228 0
8232 5
8234 7
8235 4
8236 8
8237 6
8238 2
8239 1
8240 6
8241 8
8242 8
8243 0
8245 2
8246 3
8247 4
8248 7
8249 8
8253 2
8254 3
8255 4
8256 6
8257 7
8258 8
8260 0
8262 2
8263 3
8264 4
8265 7
8266 8
8269 4
8270 5
8271 3
8272 3
8273 0
8275 5
8276 4
8277 3
8278 0
8279 8
8280 4
8281 6
8282 7
8283 0
8284 7
8285 7
8287 6
8289 1
8290 3
8291 6
8292 2
8293 3
8294 8
8295 2
8296 3
8297 8
8299 5
8300 8
8301 8
8302 7
8304 7
8306 1
8308 3
8309 4
8310 2
8311 6
8312 4
8313 7
8314 4
8315 2
8316 7
8317 4
8318 2
8320 2
8321 7
8323 2
8325 0
8326 6
8327 5
8328 3
8329 4
8330 8
8331 5
8332 9
8333 6
8336 6
8339 8
8340 1
8341 6
8345 2
8346 3
8347 4
8348 5
8349 6
8350 7
8353 2
8354 3
8355 4
8356 7
8357 8
8361 2
8362 3
8363 4
8364 7
8365 2
8366 5
8368 6
8369 4
8370 3
8374 9
8375 7
8377 6
8378 4
8379 3
8380 6
8381 2
8382 0
8384 8
8385 6
8386 5
8387 7
8391 7
8392 4
8393 3
8394 2
8395 4
8396 1
8397 3
8398 7
8399 6
8400 4
8401 7
8402 7
8403 7
8405 8
8406 4
8408 8
8409 2
8410 8
8411 3
8412 5
8413 8
8415 5
8416 4
8417 7
8421 7
8423 6
8424 2
8428 7
8429 3
8430 3
8432 1
8433 6
8434 4
8435 3
8437 8
8438 2
8440 8
8441 6
8442 4
8444 5
8445 5
8446 6
8447 5
8450 2
8452 4
8453 5
8454 6
8455 7
8456 8
8459 1
8460 2
8461 3
8462 4
8463 5
8464 6
8465 7
8466 8
8470 2
8471 3
8472 4
8473 5
8474 6
8475 7
8476 8
8478 6
8480 7
8482 2
8484 4
8486 8
8487 5
8489 3
8492 2
8494 3
8495 2
8497 7
8498 2
8499 6
8500 4
8502 5
8505 8
8507 5
8508 3
8509 1
8510 7
8511 4
8512 7
8513 0
8515 6
8516 6
8517 6
8519 7
8520 4
8521 2
8522 8
8524 8
8525 7
8527 4
8529 4
8530 8
8531 5
8532 2
8539 5
8541 7
8542 6
8544 2
8546 6
8547 8
8550 2
8551 3
8552 4
8553 5
8554 6
8555 7
8556 8
8560 2
8561 3
8562 4
8563 5
8564 6
8565 7
8566 8
8569 2
8571 5
8572 6
8573 7
8574 8
8577 4
8578 5
8579 6
8580 6
8582 4
8583 4
8584 2
8585 8
8588 6
8589 4
8591 7
8592 2
8594 2
8597 3
8598 3
8601 5
8602 2
8605 6
8606 7
8607 3
8608 7
8609 8
8610 4
8612 2
8613 4
8615 2
8616 4
8617 7
8618 8
8620 7
8622 6
8624 3
8625 2
8626 4
8627 8
8628 6
8630 5
8631 7
8632 5
8635 8
8637 6
8638 7
8639 2
8641 7
8643 5
8644 6
8645 5
8646 2
8647 6
8648 2
8649 8
8651 7
8652 5
8653 5
8654 7
8655 3
8656 5
8661 8
8662 4
8664 4
8665 5
8666 1
8667 8
8668 6
8669 8
8673 2
8675 4
8676 5
8677 6
8678 7
8679 8
8683 2
8684 3
8685 4
8686 5
8687 6
8688 7
8689 8
8693 2
8695 4
8696 5
8697 6
8698 7
8699 8
8701 3
8702 5
8703 3
8704 2
8707 2
8709 4
8710 5
8711 5
8712 2
8713 3
8714 2
8716 3
8718 7
8719 2
8721 2
8722 8
8725 8
8726 8
8727 7
8728 8
8729 1
8732 6
8733 7
8734 7
8735 8
8736 7
8737 5
8738 0
8739 6
8741 5
8742 7
8743 4
8744 6
8746 2
8747 5
8749 7
8752 0
8753 3
8754 4
8755 4
8756 8
8757 4
8759 8
8760 6
8761 5
8766 3
8767 7
8768 1
8769 6
8770 4
8771 6
8773 4
8774 5
8775 4
8778 8
8779 6
8783 5
8785 3
8786 7
8787 8
8788 5
8789 6
8790 4
8791 7
8792 6
8793 2
8794 2
8797 4
8800 2
8801 3
8802 4
8803 5
8804 6
8805 7
8806 8
8810 2
8811 3
8812 4
8813 5
8814 6
8815 7
8816 8
8820 2
8821 3
8822 4
8823 5
8824 6
8825 7
8826 8
8828 6
8829 4
8830 2
8831 6
8832 4
8833 7
8834 5
8835 5
8836 4
8837 7
8838 2
8840 3
8842 3
8843 8
8844 2
8847 5
8848 6
8849 0
8851 0
8852 6
8853 5
8854 3
8855 5
8856 3
8857 8
8859 0
8860 3
8861 4
8862 1
8863 5
8864 3
8866 8
8867 3
8869 6
8870 2
8871 7
8872 8
8874 7
8875 1
8876 3
8877 8
8878 5
8879 4
8880 2
8883 7
8884 6
8885 7
8886 4
8888 6
8889 2
8890 6
8891 7
8894 8
8896 6
8898 4
8901 6
8902 2
8903 3
8904 7
8905 1
8907 2
8908 2
8909 5
8910 3
8911 7
8912 8
8913 0
8914 1
8915 2
8916 3
8917 4
8918 7
8919 8
8922 1
8923 2
8924 3
8925 4
8926 7
8927 8
8931 7
8932 8
8934 8
8936 2
8937 6
8938 1
8939 3
8940 5
8941 4
8942 8
8943 2
8944 6
8945 4
8946 3
8947 4
8948 5
8950 2
8951 0
8952 3
8954 4
8956 7
8957 3
8958 8
8959 7
8960 4
8961 4
8963 8
8964 5
8965 8
8966 2
8967 6
8968 6
8969 2
8970 3
8971 1
8972 3
8973 2
8974 7
8975 3
8981 3
8982 5
8984 7
8985 8
8987 5
8988 1
8989 4
8990 6
8993 4
8996 6
8997 6
9000 7
9001 6
9004 0
9005 1
9006 2
9007 3
9008 4
9009 7
9010 2
9011 3
9012 4
9013 5
9014 6
9015 7
9016 0
9018 2
9019 7
9020 8
9021 6
9022 3
9024 7
9025 1
9027 3
9029 6
9031 7
9032 2
9033 4
9034 4
9035 5
9036 7
9038 0
9040 6
9041 6
9042 8
9043 2
9044 7
9045 7
9046 2
9047 4
9048 2
9050 6
9051 1
9053 6
9055 8
9056 3
9058 6
9059 3
9062 2
9063 3
9064 4
9065 5
9066 6
9067 7
9068 8
9071 1
9072 2
9073 3
9074 4
9075 5
9076 6
9077 7
9078 8
9082 2
9084 4
9085 5
9086 6
9087 7
9088 8
9091 6
9092 8
9097 2
9098 4
9099 4
9101 7
9102 4
9103 4
9104 4
9107 8
9108 7
9109 5
9110 8
9111 2
9113 7
9114 5
9116 8
9117 5
9118 2
9119 5
9122 6
9123 2
9126 8
9127 6
9128 4
9129 2
9130 6
9131 2
9132 5
9133 5
9135 2
9136 8
9138 6
9139 8
9141 7
9145 2
9146 6
9147 7
9148 6
9149 6
9150 8
9151 7
9152 4
9154 2
9155 1
9156 3
9157 3
9158 0
9159 5
9160 5
9161 8
9163 3
9164 7
9166 7
9168 2
9169 7
9172 7
9173 8
9175 3
9176 5
9178 6
9181 2
9182 3
9183 4
9184 5
9185 6
9186 7
9187 8
9191 2
9192 3
9193 4
9194 5
9195 6
9196 7
9197 8
9199 0
9201 2
9202 3
9203 4
9204 7
9205 8
9207 6
9208 4
9209 2
9210 6
9211 4
9212 7
9213 8
9215 2
9217 3
9219 3
9221 0
9222 1
9224 4
9225 2
9226 6
9227 3
9228 5
9229 3
9231 3
9232 4
9234 5
9235 3
9237 8
9238 3
9240 6
9242 7
9243 8
9244 0
9246 2
9247 6
9248 7
9249 1
9251 6
9253 4
9256 6
9257 7
9259 2
9260 5
9261 3
9262 7
9263 8
9266 2
9267 4
9268 5
9269 6
9270 7
9271 8
9276 4
9277 5
9278 6
9279 7
9280 8
9284 4
9285 7
9286 8
9288 7
9289 5
9290 5
9294 7
9298 5
9300 7
9302 7
9303 2
9304 2
9306 6
9307 8
9308 3
9309 2
9312 6
9314 7
9315 5
9316 8
9317 6
9318 2
9320 4
9321 8
9322 8
9323 7
9326 8
9327 7
9328 7
9329 5
9330 8
9331 5
9332 3
9333 4
9334 6
9337 5
9338 5
9340 7
9341 2
9342 3
9343 6
9344 4
9346 2
9347 4
9349 5
9350 4
9351 2
9353 4
9354 8
9355 6
9359 2
9360 5
9361 6
9364 6
9365 3
9366 6
9369 2
9371 4
9372 5
9373 6
9374 7
9375 8
9379 2
9381 4
9382 5
9383 6
9384 7
9385 8
9389 2
9391 5
9392 6
9393 7
9394 8
9398 5
9399 7
9400 5
9402 8
9403 6
9406 4
9409 3
9410 8
9411 4
9412 4
9413 7
9417 2
9418 8
9419 7
9420 8
9421 2
9422 5
9424 6
9426 6
9427 5
9428 5
9429 3
9430 3
9431 3
9433 8
9437 6
9441 6
9442 2
9446 2
9447 7
9448 7
9449 8
9450 8
9451 7
9452 8
9453 4
9454 6
9456 2
9458 7
9460 3
9461 6
9462 8
9463 7
9465 5
9468 3
9469 7
9470 2
9471 4
9473 4
9474 3
9475 6
9476 2
9477 2
9478 5
9479 3
9480 2
9481 5
9482 5
9484 4
9485 1
9486 7
9487 2
9490 2
9491 3
9492 4
9493 5
9494 6
9495 7
9496 8
9500 2
9501 3
9502 4
9503 5
9504 6
9505 7
9506 8
9508 0
9510 2
9511 3
9512 4
9513 5
9514 6
9515 7
9516 8
9521 2
9522 7
9523 5
9524 3
9525 4
9526 4
9529 6
9530 9
9531 6
9532 6
9533 5
9534 7
9535 2
9536 3
9537 4
9538 4
9540 1
9541 4
9542 0
9543 7
9545 5
9546 7
9547 2
9548 3
9550 4
9551 4
9552 0
9555 6
9557 8
9558 3
9559 3
9560 7
9561 3
9563 8
9564 8
9565 4
9566 7
9567 7
9568 6
9569 2
9572 8
9573 7
9574 8
9575 8
9576 7
9577 2
9578 2
9581 3
9582 3
9583 5
9584 5
9586 7
9588 5
9589 6
9590 5
9591 1
9592 4
9593 1
9595 2
9596 8
9597 2
9598 6
9600 5
9603 2
9604 3
9605 4
9606 5
9607 6
9608 7
9609 8
9613 2
9614 3
9615 4
9616 5
9617 6
9618 7
9619 8
9621 0
9623 2
9624 3
9625 4
9626 5
9627 6
9628 7
9629 8
9630 8
9632 6
9633 0
9634 0
9635 2
9636 3
9637 7
9639 4
9640 7
9641 1
9644 7
9645 1
9646 4
9650 7
9651 5
9652 7
9654 3
9655 3
9656 3
9658 6
9660 7
9662 3
9664 2
9665 6
9666 0
9667 8
9669 4
9670 3
9671 5
9672 4
9673 8
9674 1
9675 5
9677 0
9678 6
9679 6
9680 3
9681 8
9683 4
9684 7
9685 5
9686 2
9687 0
9688 0
9689 1
9690 7
9691 8
9693 6
9694 8
9695 8
9696 2
9697 3
9698 6
9700 2
9702 5
9703 2
9706 2
9707 3
9708 4
9709 5
9710 6
9711 7
9712 8
9715 1
9716 2
9717 3
9718 4
9719 5
9720 6
9721 7
9722 8
9726 2
9727 3
9728 4
9729 5
9730 6
9731 7
9732 8
9734 7
9735 4
9736 6
9737 1
9738 4
9739 0
9742 3
9743 7
9744 8
9745 4
9746 7
9747 5
9748 8
9749 5
9750 3
9751 2
9752 2
9754 5
9755 8
9756 6
9758 3
9759 8
9762 3
9763 0
9764 4
9765 7
9766 4
9768 2
9770 5
9771 7
9772 1
9773 7
9774 1
9775 6
9776 6
9777 5
9778 6
9779 2
9780 8
9781 7
9782 6
9783 4
9786 5
9787 3
9788 7
9789 4
9790 3
9791 0
9792 4
9793 6
9794 6
9795 1
9796 1
9797 3
9798 2
9799 1
9800 0
9803 2
9804 3
9805 4
9806 7
9807 8
9809 0
9811 2
9812 3
9813 4
9814 5
9815 6
9816 7
9817 8
9818 0
9819 1
9820 2
9821 3
9822 4
9823 7
9824 8
9826 0
9827 8
9828 3
9830 5
9831 5
9832 2
9833 6
9834 8
9835 4
9837 7
9839 2
9840 3
9841 5
9842 6
9847 2
9848 1
9849 2
9850 0
9851 7
9852 7
9853 5
9854 8
9855 2
9857 8
9858 6
9859 7
9860 3
9861 4
9862 6
9863 8
9864 7
9865 0
9866 4
9867 2
9868 7
9869 7
9870 5
9871 4
9872 3
9873 4
9874 2
9875 8
9877 5
9878 1
9879 0
9880 2
9881 3
9883 5
9884 7
9885 0
9886 6
9887 8
9888 6
9889 3
9892 8
9893 2
9894 7
9895 7
9899 7
9900 8
9904 2
9905 3
9906 4
9907 5
9908 6
9909 7
9910 8
9913 2
9914 3
9915 4
9916 7
9917 8
9919 7
9920 8
9921 6
9922 4
9923 1
9925 3
9926 8
9927 4
9928 4
9929 7
9933 2
9934 8
9935 7
9936 8
9937 2
9938 6
9940 6
9941 5
9942 3
9943 3
9944 3
9946 1
9947 4
9949 6
9950 1
9951 0
9953 6
9954 2
9955 1
9956 1
9957 7
9958 7
9959 8
9960 4
9961 6
9963 7
9965 3
9966 6
9967 8
9968 7
9969 1
9970 5
9971 2
9972 4
9974 4
9975 3
9976 6
9977 4
9978 1
9979 7
9980 2
9981 6
9982 5
9984 1
9985 2
9986 3
9987 4
9988 5
9989 6
9990 7
9991 8
9993 0
9995 2
9996 3
9997 4
9998 5
9999 6
