4
6
14
15
16
17
19
20
24
25
30
33
36
44
45
47
50
56
57
58
59
67
77
78
80
81
83
88
89
93
95
96
97
101
111
114
115
118
119
120
127
128
130
133
139
143
150
151
152
153
154
156
166
170
173
176
177
179
183
186
192
193
194
200
201
203
204
205
209
211
213
216
218
219
231
232
235
241
247
248
252
260
261
264
273
274
283
291
294
299
301
304
305
322
323
326
333
340
342
346
348
354
357
358
360
365
367
374
375
378
379
381
385
386
387
388
393
395
403
405
413
417
418
420
423
426
429
435
448
453
456
458
459
462
464
466
470
473
474
479
481
485
486
487
488
489
490
491
493
499
503
504
506
509
517
524
527
532
535
536
541
545
547
548
551
554
556
559
562
569
576
577
583
596
599
608
611
613
615
616
617
621
622
624
625
633
653
655
659
661
662
667
668
677
678
681
685
688
692
693
708
713
720
729
734
747
748
751
753
755
762
763
767
770
771
773
779
782
783
784
786
787
788
790
795
796
797
798
800
802
805
816
817
823
824
829
838
840
842
843
846
847
859
860
866
869
870
879
888
891
893
895
896
898
900
901
903
911
912
915
922
924
925
926
927
933
934
943
950
952
960
961
962
965
970
975
978
980
985
987
988
992
995
996
999
