8 0
13 1
16 1
17 0
20 0
22 0
24 0
26 0
34 0
36 1
39 0
50 1
51 0
58 1
60 1
62 0
63 0
81 0
82 0
83 0
85 0
89 1
104 0
108 1
110 1
112 0
114 0
118 0
119 0
125 0
127 0
128 0
130 0
132 0
140 0
150 0
160 0
167 0
170 0
179 1
180 0
182 0
188 0
190 1
193 0
199 0
205 0
209 1
211 1
218 1
220 0
221 0
222 1
223 1
224 0
225 0
227 0
230 0
232 1
235 0
236 0
242 1
243 1
247 0
252 0
253 1
256 0
259 0
261 0
269 0
272 0
278 0
279 1
283 0
289 0
290 0
293 0
295 0
296 1
301 0
307 0
313 0
329 0
331 0
338 0
340 0
344 0
346 1
348 1
353 1
357 0
359 0
369 1
370 0
374 0
381 0
382 0
384 0
392 0
400 0
403 0
404 0
407 0
409 1
413 0
415 0
417 0
421 1
423 0
425 0
430 1
441 1
446 0
447 0
453 0
455 0
457 1
460 0
464 1
472 0
473 0
475 0
482 0
486 1
497 0
