18 5
27 3
55 3
138 3
184 7
204 2
220 5
344 5
352 4
407 9
457 5
476 2
478 0
487 7
516 9
517 9
518 8
520 5
523 3
541 9
568 8
634 7
638 9
644 2
674 9
680 8
687 0
711 9
712 4
782 8
814 5
819 2
877 3
896 5
897 2
968 5
971 8
974 9
978 0
993 9
999 7
1003 8
1044 3
1094 8
1110 6
1165 7
1175 4
1246 9
1270 5
1302 5
1304 0
1310 8
1322 2
1331 0
1356 8
1407 6
1423 5
1463 9
1489 2
1494 2
1559 5
1623 8
1663 9
1664 4
1674 3
1711 7
1721 5
1738 1
1747 6
1765 2
1816 9
1923 7
1975 1
2001 8
2020 5
2042 4
2063 5
2107 1
2135 4
2144 8
2147 5
2167 1
2283 9
2333 9
2341 3
2345 9
2418 3
2443 0
2474 2
2520 2
2568 8
2627 3
2673 4
2689 6
2736 5
2774 9
2790 5
2798 3
2805 7
2808 8
2852 4
2853 5
2854 2
2860 2
2898 9
2964 1
2971 1
3004 8
3026 0
3058 0
3094 8
3095 2
3155 0
3162 4
3189 5
3192 2
3242 0
3265 4
3294 2
3316 9
3328 2
3375 5
3378 7
3382 9
3405 4
3413 4
3422 7
3432 4
3477 9
3562 9
3567 6
3580 5
3666 6
3690 9
3703 6
3709 4
3801 3
3812 9
3825 9
3914 8
3929 9
3944 4
3959 2
3970 3
3979 4
4025 5
4026 9
4034 6
4044 9
4051 2
4070 6
4106 3
4119 0
4214 3
4236 4
4253 3
4263 6
4267 3
4287 9
4347 9
4360 9
4472 6
4483 3
4493 2
4512 7
4536 3
4542 1
4591 1
4627 8
4630 5
4672 7
4696 7
4697 8
4712 6
4722 7
4937 5
4940 9
4976 4
5018 4
5027 4
5030 6
5033 5
5043 1
5073 1
5081 8
5203 4
5205 8
5228 9
5239 7
5245 5
5251 9
5258 8
5283 8
5308 3
5311 0
5327 9
5347 7
5453 0
5476 5
5483 9
5510 3
5533 9
5538 7
5547 2
5565 9
5587 8
5595 0
5616 9
5641 0
5645 9
5731 5
5736 1
5746 7
5791 9
5796 9
5890 8
5958 9
5975 2
5982 9
6053 2
6081 4
6129 0
6130 9
6145 9
6156 2
6165 5
6168 8
6169 7
6178 0
6216 3
6247 5
6264 5
6360 2
6387 2
6390 8
6392 2
6403 7
6413 3
6415 6
6426 8
6431 7
6442 3
6462 1
6504 9
6545 5
6557 8
6558 4
6578 5
6591 1
6621 4
6625 9
6651 2
6686 9
6707 3
6725 5
6732 2
6754 9
6755 9
6768 8
6796 2
6824 8
6825 1
6896 9
6910 2
6919 9
6936 8
6937 2
6957 5
6977 5
7037 2
7047 2
7053 6
7073 2
7103 2
7116 9
7176 9
7256 8
7277 7
7293 3
7321 0
7339 5
7420 2
7430 4
7439 3
7447 5
7468 5
7499 7
7523 9
7572 5
7582 8
7598 3
7605 6
7621 9
7636 0
7662 9
7674 8
7675 1
7676 4
7686 0
7694 5
7699 8
7748 6
7752 3
7753 0
7758 4
7832 7
7837 2
7854 5
7892 3
7928 5
8038 4
8040 9
8091 4
8126 4
8138 9
8143 6
8153 9
8216 2
8233 7
8284 3
8292 7
8323 1
8342 5
