11 1
13 1
14 1
36 1
37 1
38 1
43 1
45 0
49 1
74 1
85 0
87 1
88 1
95 1
99 1
101 0
107 1
108 1
110 1
116 1
117 1
124 1
127 0
131 1
134 1
135 1
136 1
141 1
142 1
146 1
166 1
171 1
176 1
185 1
190 1
196 1
202 0
204 1
209 1
233 1
253 1
258 1
260 1
270 1
271 1
272 0
284 1
285 1
287 1
299 1
310 0
322 1
327 1
333 1
335 1
336 1
339 1
341 1
343 1
346 1
347 1
358 1
361 0
376 1
380 0
381 0
389 1
403 0
406 1
416 1
420 1
422 1
423 0
429 1
430 1
438 1
441 1
442 1
449 0
450 0
451 1
462 1
470 1
471 1
473 0
483 1
485 1
495 0
499 1
502 1
503 1
504 1
513 1
517 1
520 1
525 1
529 1
531 1
534 1
542 1
552 1
554 0
560 1
562 1
578 1
580 1
589 0
594 1
604 1
605 1
630 1
644 0
646 1
650 1
655 1
670 1
674 1
675 1
676 1
677 1
689 1
690 1
712 1
713 1
726 1
728 1
729 1
737 1
742 1
759 1
760 1
770 1
774 1
777 1
784 1
796 1
797 1
810 1
819 1
820 1
821 1
831 1
833 1
840 1
843 1
846 1
852 1
853 1
858 1
859 1
864 1
874 1
881 1
889 1
903 1
905 1
912 1
914 1
918 0
920 1
933 1
935 1
938 0
940 1
944 1
953 0
955 1
964 1
970 1
971 1
973 0
975 1
976 1
993 1
995 0
999 1
1001 1
1004 1
1009 1
1016 1
1018 1
1028 1
1034 1
1035 1
1037 1
1043 1
1048 1
1050 1
1051 1
1053 1
1055 1
1063 1
1069 1
1077 1
1084 1
1089 1
1092 1
1096 1
1097 1
1103 1
1104 0
1108 1
1109 1
1110 1
1114 1
1115 1
1130 0
1135 1
1136 0
1138 1
1139 1
1146 1
1147 1
1151 1
1152 1
1180 1
1185 0
1188 1
1190 0
1194 1
1195 1
1200 1
1205 1
1212 1
1215 1
1231 1
1237 1
1241 1
1249 1
1250 1
1254 1
1257 0
1263 1
1265 1
1269 1
1274 1
1276 1
1277 1
1283 1
1285 0
1293 1
1294 1
1303 1
1311 1
1312 1
1313 1
1320 1
1323 1
1330 1
1342 1
1367 1
1377 1
1389 1
1391 0
1393 1
1407 1
1408 1
1410 1
1415 0
1422 1
1423 1
1425 1
1430 1
1434 1
1440 1
1444 1
1447 1
1448 1
1480 1
1481 0
1488 0
1492 1
1495 1
1509 1
1516 1
1520 1
1523 1
1525 1
1526 1
1527 0
1533 1
1535 1
1537 1
1564 1
1566 0
1570 1
1571 1
1572 1
1573 1
1580 1
1586 1
1600 1
1601 1
1606 1
1607 1
1618 1
1621 0
1632 0
1640 0
1643 1
1651 1
1658 1
1664 1
1670 1
1673 1
1675 1
1677 0
1694 1
1700 1
1701 0
1705 1
1706 0
1709 1
1710 0
1713 1
1719 1
1722 1
1725 1
1733 0
1735 1
1739 1
1741 1
1750 0
1754 1
1760 1
1774 1
1775 1
1785 1
1786 0
1788 1
1791 0
1797 1
1799 0
1801 0
1805 0
1806 1
1808 0
1810 0
1811 1
1832 1
1833 1
1841 1
1842 1
1845 1
1851 1
1859 1
1860 1
1867 1
1870 1
1880 1
1883 1
1885 1
1888 1
1897 1
1900 1
1907 1
1915 1
1919 1
1925 1
1926 1
1939 1
1942 0
1953 1
1956 0
1964 1
1966 1
1967 1
1971 1
1982 1
1984 1
1986 0
1992 1
1997 1
1999 1
2005 1
2006 1
2009 1
2011 1
2012 1
2013 1
2031 1
2036 1
2045 1
2047 1
2056 1
2058 0
2073 1
2075 1
2079 1
2080 1
2087 1
2091 1
2095 0
2096 0
2102 1
2110 1
2113 1
2115 0
2121 1
2128 1
2138 1
2141 1
2145 1
2156 1
2184 1
2190 1
2204 1
2206 1
2210 1
2217 1
2228 1
2231 1
2233 1
2236 1
2242 1
2254 1
2268 0
2286 0
2289 1
2296 1
2305 1
2319 0
2322 1
2324 1
2328 1
2336 1
2340 1
2343 1
2355 0
2357 1
2359 1
2360 1
2362 1
2380 1
2384 0
2385 1
2387 1
2396 0
2397 1
2409 1
2421 1
2422 0
2435 0
2450 0
2457 0
2463 1
2478 1
2479 1
2483 1
2489 1
2499 0
2512 1
2514 1
2547 1
2552 0
2553 1
2564 1
2567 1
2574 1
2576 0
2579 1
2582 1
2583 1
2590 1
2594 1
2595 1
2599 0
2603 1
2609 1
2610 1
2611 1
2612 1
2637 1
2650 1
2652 0
2659 1
2679 1
2690 1
2691 1
2692 0
2696 0
2706 1
2709 1
2710 1
2720 1
2723 1
2727 1
2732 1
2736 1
2742 1
2753 1
2756 1
2759 0
2762 0
2764 1
2765 1
2770 1
2771 1
2780 1
2783 1
2795 1
2802 1
2804 1
2807 1
2812 1
2813 1
2814 1
2818 1
2823 1
2840 1
2846 1
2852 1
2853 1
2857 0
2867 1
2868 1
2877 1
2878 1
2879 1
2896 1
2901 1
2909 1
2922 1
2926 1
2933 1
2934 1
2937 1
2940 1
2942 1
2945 1
2946 1
2949 1
2959 1
2966 1
2969 0
2972 1
2974 1
2985 1
3005 1
3007 1
3012 1
3016 1
3017 1
3021 1
3023 1
3026 1
3051 1
3053 1
3057 1
3058 1
3059 1
3061 1
3064 1
3065 1
3080 1
3086 1
3088 1
3098 1
3109 1
3111 0
3112 0
3119 1
3127 1
3128 1
3135 1
3143 1
3147 1
3151 1
3152 0
3153 1
3154 1
3160 1
3163 1
3176 1
3181 1
3182 1
3183 1
3188 1
3189 0
3216 1
3223 0
3226 1
3229 1
3237 1
3238 1
3240 1
3241 1
3246 1
3249 0
3255 1
3259 1
3262 0
3265 0
3271 1
3283 1
3298 1
3309 1
3310 1
3319 1
3320 1
3331 0
3334 1
3339 0
3342 0
3361 1
3363 1
3370 1
3382 1
3383 0
3386 1
3388 1
3392 1
3399 1
3403 1
3415 1
3416 1
3427 1
3431 1
3436 1
3442 1
3443 1
3445 1
3449 0
3451 1
3453 1
3459 1
3466 1
3473 1
3475 1
3478 1
3491 1
3493 0
3497 1
3500 1
3506 1
3517 1
3518 1
3521 1
3526 1
3528 1
3531 1
3541 1
3553 1
3558 1
3567 1
3569 1
3571 1
3580 1
3590 1
3596 1
3613 1
3617 1
3618 1
3624 1
3625 1
3632 1
3640 1
3643 1
3653 1
3654 1
3661 1
3665 1
3684 0
3704 1
3721 0
3724 1
3735 1
3738 1
3740 1
3745 1
3746 1
3748 1
3749 1
3751 1
3752 1
3757 1
3765 1
3769 1
3772 1
3775 1
3781 1
3799 1
3805 1
3811 0
3812 1
3814 1
3824 1
3825 1
3839 1
3840 1
3844 1
3851 1
3871 1
3872 1
3875 1
3881 1
3894 1
3898 1
3910 1
3913 1
3917 1
3934 0
3940 0
3953 1
3954 1
3955 1
3960 1
3987 1
3988 1
3989 1
3999 1
4002 1
4007 1
4011 1
4016 1
4021 1
4027 1
4029 1
4032 1
4033 1
4037 0
4047 0
4048 0
4049 1
4055 0
4063 1
4069 1
4071 1
4082 1
4083 1
4084 1
4089 0
4090 1
4091 0
4093 0
4094 0
4095 1
4116 1
4120 1
4134 1
4141 1
4145 1
4146 1
4152 1
4155 1
4160 1
4167 1
4174 1
4177 0
4178 1
4181 1
4184 0
4190 1
4198 1
4199 0
4200 1
4206 1
4208 1
4211 1
4216 1
4222 1
4230 1
4231 1
4237 1
4240 1
4248 1
4250 1
4261 1
4262 1
4264 1
4270 1
4273 1
4275 1
4285 1
4286 1
4296 1
4304 1
4305 1
4311 1
4317 1
4320 1
4324 1
4334 1
4338 0
4339 1
4344 1
4350 1
4354 1
4360 1
4362 1
4366 1
4368 1
4369 0
4370 1
4372 1
4375 1
4381 1
4384 1
4387 1
4390 1
4394 1
4395 1
4396 1
4397 0
4405 1
4407 1
4410 1
4413 1
4415 1
4420 1
4424 1
4432 1
4434 0
4436 1
4443 0
4463 0
4469 1
4471 1
4473 1
4475 1
4490 0
4493 1
4499 1
4501 1
4511 1
4517 1
4525 1
4526 1
4527 0
4530 1
4535 1
4542 1
4548 1
4558 1
4568 1
4576 1
4582 1
4589 1
4594 1
4600 1
4610 1
4615 1
4623 1
4625 1
4632 1
4634 1
4642 1
4644 1
4656 1
4663 1
4667 0
4682 1
4685 1
4696 1
4704 1
4708 1
4714 1
4717 1
4724 1
4725 1
4726 1
4727 0
4735 0
4738 1
4739 1
4740 1
4749 1
4753 1
4758 1
4759 1
4760 1
4767 0
4769 1
4771 1
4772 1
4774 1
4775 0
4784 1
4789 1
4808 1
4810 0
4811 1
4828 1
4834 0
4835 1
4838 0
4839 1
4840 1
4842 1
4847 1
4858 1
4864 1
4868 1
4877 1
4879 1
4894 1
4899 1
4910 1
4911 1
4915 1
4918 0
4920 1
4921 1
4922 0
4923 0
4937 1
4938 1
4941 1
4946 1
4950 1
4952 1
4966 1
4970 1
4980 1
4981 1
4990 0
4996 1
5002 1
5013 1
5014 1
5026 1
5030 1
5043 0
5045 1
5046 1
5057 1
5065 1
5070 1
5071 1
5072 1
5074 1
5080 1
5087 1
5092 0
5095 0
5097 1
5098 1
5119 1
5129 1
5130 1
5131 1
5143 1
5144 1
5151 1
5163 1
5164 1
5167 1
5168 1
5173 1
5179 1
5188 1
5192 1
5199 1
5201 1
5202 1
5215 0
5223 1
5225 1
5227 1
5229 1
5234 1
5235 1
5239 1
5251 1
5252 1
5257 1
5262 1
5269 1
5273 1
5278 1
5280 1
5282 1
5284 0
5286 1
5292 1
5299 1
5303 1
5313 1
5316 1
5319 1
5323 1
5328 1
5334 1
5337 1
5345 1
5350 1
5361 1
5364 1
5370 1
5375 1
5389 1
5391 1
5392 1
5397 1
5408 1
5421 1
5446 1
5453 1
5456 1
5464 1
5485 1
5488 0
5489 1
5497 1
5511 1
5520 1
5522 1
5535 1
5537 1
5539 1
5550 1
5552 0
5555 1
5561 1
5564 1
5568 1
5579 1
5583 1
5586 1
5587 0
5592 1
5598 1
5601 1
5606 1
5608 1
5609 1
5613 1
5624 1
5635 0
5648 1
5649 0
5654 1
5656 0
5659 1
5663 1
5671 1
5673 1
5684 1
5694 1
5695 1
5701 1
5704 1
5716 0
5719 1
5721 1
5722 1
5723 1
5724 1
5730 1
5731 1
5737 1
5739 1
5766 1
5777 1
5778 1
5785 1
5788 1
5789 0
5792 1
5794 1
5795 1
5800 1
5817 1
5824 1
5829 0
5835 1
5842 1
5843 1
5847 1
5858 1
5860 1
5867 1
5879 1
5880 1
5881 1
5889 1
5896 1
5908 1
5910 1
5929 1
5930 1
5936 1
5937 0
5938 1
5944 1
5957 1
5961 1
5966 0
5967 0
5972 1
5976 1
