18 3
33 4
73 9
119 2
121 4
149 2
151 9
175 7
211 5
217 6
241 9
245 3
247 4
259 6
318 2
320 9
321 2
325 4
340 5
352 5
366 6
421 2
435 8
445 6
447 4
448 9
449 3
478 5
479 9
507 3
508 6
511 4
515 3
519 4
522 7
531 3
551 7
565 4
578 3
582 8
583 2
591 8
610 4
619 1
628 3
629 2
645 5
659 2
667 7
684 7
689 7
691 8
707 4
716 1
717 0
720 5
740 4
760 4
795 3
810 7
823 2
857 5
866 5
881 4
896 0
898 7
924 2
926 2
930 7
938 3
939 2
947 8
950 7
951 5
956 1
958 3
959 4
965 6
982 3
995 2
1003 5
1012 7
1014 6
1023 4
1032 5
1039 7
1044 6
1062 3
1082 5
1089 5
1093 8
1101 8
1107 9
1112 4
1114 3
1124 8
1128 3
1156 7
1181 6
1182 6
1191 0
1192 9
1194 7
1198 8
1204 3
1206 7
1212 6
1226 7
1228 9
1232 9
1234 8
1242 4
1243 5
1247 9
1260 7
1283 7
1289 5
1299 5
1326 7
1328 7
1337 2
1357 4
1378 5
1391 4
1393 5
1402 2
1413 4
1429 9
1440 4
1446 2
1465 4
1494 7
1500 7
1522 7
1525 5
1527 1
1530 8
1549 4
1553 9
1554 9
1558 0
1559 9
1581 7
1600 3
1609 2
1626 6
1634 4
1637 5
1641 5
1671 7
1678 2
1681 3
1696 2
1702 8
1709 9
1717 8
1718 7
1732 9
1737 5
1748 0
1751 4
1754 7
1772 7
1773 1
1790 2
1865 4
1878 8
1901 9
1903 7
1909 1
1917 5
1930 2
1952 9
1954 5
1956 4
1969 6
1973 8
1982 6
2009 9
2016 7
2024 7
2035 5
2037 5
2040 5
2043 4
2044 2
2053 4
2063 7
2070 7
2098 2
2109 3
2118 6
2125 5
2129 9
2130 4
2131 6
2135 6
2161 9
2182 1
2185 0
2186 2
2189 9
2198 2
2200 2
2215 6
2224 5
2266 1
2272 8
2292 9
2293 9
2299 2
2325 7
2339 5
2358 1
2369 5
2371 4
2380 9
2387 9
2393 8
2404 4
2406 9
2422 6
2433 2
2460 5
2464 4
2512 8
2514 4
2528 9
2548 9
2556 5
2560 3
2573 5
2574 5
2589 9
2598 8
2607 7
2631 0
2635 2
2648 9
2654 6
2658 4
2670 5
2695 7
2713 0
2730 7
2770 3
2771 4
2780 2
2810 5
2829 5
2863 9
2896 8
2906 3
2914 3
2919 5
2921 3
2927 3
2945 3
2953 3
2970 5
2995 6
3005 9
3030 6
3060 9
3073 1
3100 5
3114 4
3115 5
3117 5
3130 6
3133 4
3136 7
3145 5
3157 5
3189 7
3206 8
3240 9
3280 2
3316 7
3323 8
3329 7
3330 2
3333 7
3341 4
3369 9
3377 4
3384 2
3405 4
3410 4
3422 6
3468 5
3490 4
3503 9
3506 5
3511 2
3514 2
3520 6
3543 4
3549 3
3558 5
3559 8
3565 5
3567 8
3573 7
3575 7
3591 5
3597 9
3604 7
3629 8
3664 9
3681 2
3702 5
3718 4
3730 7
3736 7
3751 7
3752 4
3757 8
3767 7
3776 5
3780 4
3798 9
3801 6
3806 5
3808 7
3811 2
3817 2
3821 9
3836 7
3838 7
3848 7
3853 6
3862 2
3869 9
3876 2
3893 5
3902 5
3906 1
3926 9
3941 4
3962 3
3968 5
3976 7
3984 9
3985 9
3995 3
3998 4
4000 9
4007 7
4017 4
4059 5
4063 6
4065 0
4068 8
4078 9
4093 9
4102 7
4131 5
4154 9
4163 9
4176 2
4199 7
4201 1
4205 2
4211 6
4212 1
4224 9
4238 7
4248 2
4254 5
4255 5
4261 5
4265 4
4271 5
4289 2
4300 5
4306 3
4315 5
4355 5
4356 5
4359 5
4374 5
4423 7
4425 9
4433 7
4435 3
4444 9
4477 0
4487 7
4494 3
4497 8
4498 7
4500 9
4523 8
4540 7
4548 5
4567 4
4571 6
4575 4
4601 8
4615 2
4619 6
4620 6
4690 7
4692 9
4702 6
4731 8
4735 9
4739 0
4761 9
4763 5
4785 3
4807 8
4812 2
4814 6
4823 9
4837 7
4838 6
4874 9
4876 2
4880 0
4886 7
4896 4
4910 9
4915 5
4939 2
4950 2
4952 6
4956 8
4963 9
4966 7
4990 3
4995 2
5054 3
5067 3
5068 4
5129 8
5140 3
5143 3
5165 0
5210 9
5331 1
5409 4
5457 1
5495 8
5539 6
5593 0
5615 2
5620 7
5634 2
5642 1
5649 7
5653 0
5687 3
5734 3
5735 5
5749 8
5752 5
5757 9
5801 6
5821 5
5851 4
5852 5
5887 7
5888 4
5891 5
5912 3
5913 5
5922 5
5955 3
5964 5
5972 5
5973 3
5985 5
6015 0
6030 3
6035 2
6042 5
6043 5
6046 3
6059 3
6065 3
6071 9
6081 9
6091 9
6112 9
6124 9
6126 9
6157 9
6160 3
6166 9
6168 9
6172 9
6173 9
6227 5
6385 5
6390 5
6392 5
6421 3
6426 0
6432 3
6505 9
6517 3
6530 5
6532 0
6571 9
6574 2
6597 0
6598 5
6625 8
6632 9
6651 0
6706 5
6721 2
6739 3
6740 9
6769 4
6776 8
6783 1
6785 2
6836 2
6872 4
6878 2
6885 2
6886 5
6894 0
6906 2
6981 5
7089 9
7121 8
7130 3
7233 3
7248 3
7304 5
7333 3
7337 0
7338 4
7394 4
7432 7
7434 4
7451 5
7459 9
7492 2
7505 0
7511 5
7539 2
7595 3
7603 8
7637 2
7643 5
7779 5
7783 1
7797 5
7800 3
7812 1
7821 3
7839 1
7842 5
7850 5
7857 2
7858 3
7859 5
7886 2
7899 1
7905 3
7917 2
7918 5
7928 1
7945 2
7946 3
7990 1
8010 3
8061 4
8081 4
8091 2
8094 2
8095 4
8104 6
8160 5
8196 6
8246 3
8272 3
8277 3
8325 0
8326 6
8339 8
8362 3
8408 8
8410 8
8416 4
8453 5
8489 3
8502 5
8520 4
8527 4
8952 3
9008 4
9009 7
9015 7
9016 0
9019 7
9024 7
9036 7
9046 2
9057 9
9062 2
9071 1
9103 4
9128 4
9182 3
9211 4
9280 8
9316 8
9422 5
9446 2
9456 2
9478 5
9482 5
9530 9
9538 4
9544 9
9554 9
9564 8
9587 9
9594 1
9634 0
9636 3
9642 9
9664 2
9700 2
9716 2
9719 5
9729 5
9745 4
9749 5
9752 2
9764 4
9768 2
9770 5
9777 5
9779 2
9782 6
9792 4
9808 9
9832 2
9835 4
9839 2
9840 3
9873 4
9883 5
9888 6
9890 9
9892 8
9893 2
9905 3
9925 3
9941 5
9943 3
9944 3
9970 5
9975 3
9982 5
9986 3
9992 9
