18 5
75 9
89 0
125 7
157 3
196 5
355 5
356 7
478 0
516 9
517 9
518 8
520 5
600 5
674 9
829 8
858 3
863 0
877 3
896 5
959 5
1044 3
1077 3
1093 9
1110 6
1175 4
1297 0
1338 6
1463 9
1494 2
1516 3
1559 5
1748 8
1752 5
1796 8
1852 8
1856 9
1914 5
1943 3
1960 4
1975 1
2110 6
2147 5
2283 9
2324 3
2418 3
2454 5
2474 2
2515 9
2527 3
2627 3
2636 8
2790 5
2808 8
2873 5
2969 9
2976 4
3041 0
3094 8
3095 2
3238 9
3239 6
3316 9
3375 5
3378 7
3382 9
3384 8
3406 4
3413 4
3422 7
3449 5
3477 9
3527 4
3562 9
3659 7
3671 5
3704 7
3709 4
3801 3
3824 7
3826 2
3844 8
3845 1
3858 8
3929 9
3953 9
4016 4
4034 6
4065 6
4095 9
4102 3
4106 3
4119 0
4162 2
4186 5
4223 2
4287 9
4300 2
4347 9
4386 5
4449 8
4512 7
4515 7
4539 5
4571 8
4609 2
4620 4
4639 0
4696 7
4697 8
4743 9
4751 8
4792 7
4855 5
4862 9
4867 4
4937 5
5038 2
5090 9
5180 2
5228 9
5233 7
5256 7
5274 2
5307 9
5327 9
5547 2
5589 8
5595 0
5641 0
5690 7
5745 5
5778 8
5851 9
5901 3
5958 9
6107 3
6155 1
6156 2
6178 0
6201 8
6226 3
6264 5
6307 4
6360 2
6390 8
6462 1
6470 6
6622 8
6638 8
6706 8
6707 3
6768 8
6796 2
6876 0
7053 6
7256 8
7268 8
7277 7
7323 3
7376 2
7391 0
7420 2
7430 4
7544 7
7572 5
7582 8
7589 8
7675 1
7686 0
7694 5
7754 9
7832 7
7982 8
8034 5
8083 0
8091 4
8138 9
8233 7
8256 7
8284 3
8292 7
