18 5
27 3
103 3
124 2
138 3
162 3
184 7
196 5
202 7
204 2
251 5
261 9
344 5
352 4
356 7
407 9
411 2
457 5
476 2
478 0
487 7
516 9
517 9
520 5
572 1
631 2
640 8
674 9
694 4
696 3
711 9
712 4
722 8
819 2
854 1
877 3
878 9
961 8
968 5
971 8
974 9
993 9
999 7
1029 0
1044 3
1099 2
1110 6
1119 3
1120 8
1165 7
1175 4
1281 4
1302 5
1304 0
1310 8
1322 2
1324 5
1331 0
1356 8
1377 5
1397 7
1406 0
1423 5
1463 9
1487 8
1494 2
1504 3
1559 5
1572 7
1587 5
1623 8
1663 9
1721 5
1725 2
1738 1
1783 9
1884 0
1903 5
1914 5
1915 4
1945 7
1975 1
2001 8
2010 2
2020 5
2042 4
2051 7
2107 1
2147 5
2167 1
2223 5
2314 2
2345 9
2408 2
2418 3
2449 7
2474 2
2604 3
2606 3
2627 3
2688 7
2689 6
2736 5
2748 5
2774 9
2786 8
2798 3
2808 8
2860 2
2868 0
2898 9
2911 0
2969 9
2971 1
2992 6
3004 8
3009 3
3041 0
3058 0
3095 2
3155 0
3162 4
3189 5
3193 7
3217 5
3221 5
3238 9
3265 4
3294 2
3310 7
3316 9
3375 5
3378 7
3382 9
3405 4
3406 4
3422 7
3476 5
3477 9
3562 9
3567 6
3580 5
3666 6
3690 9
3703 6
3704 7
3709 4
3779 4
3801 3
3803 4
3814 9
3858 8
3929 9
3944 4
3953 9
3959 2
3979 4
3997 5
4025 5
4026 9
4034 6
4070 6
4106 3
4119 0
4192 3
4214 3
4236 4
4253 3
4287 9
4289 3
4296 9
4300 2
4309 9
4347 9
4386 5
4428 3
4472 6
4493 2
4512 7
4525 2
4536 3
4542 1
4591 1
4672 7
4696 7
4697 8
4709 5
4722 7
4751 8
4769 4
4792 7
4795 6
4892 2
4899 9
4917 9
4937 5
4940 9
5018 4
5030 6
5036 9
5071 9
5102 8
5205 8
5228 9
5230 9
5239 7
5251 9
5258 8
5271 5
5274 2
5308 3
5324 4
5327 9
5453 0
5473 6
5476 5
5491 8
5547 2
5565 9
5587 8
5616 9
5628 2
5645 9
5699 3
5731 5
5736 1
5739 5
5746 7
5845 8
5890 8
5958 9
5962 3
5982 9
6053 2
6081 4
6129 0
6145 9
6165 5
6168 8
6214 9
6236 3
6240 8
6247 5
6264 5
6360 2
6361 8
6390 8
6392 2
6403 7
6431 7
6437 3
6442 3
6462 1
6479 3
6504 9
6545 5
6550 8
6557 8
6578 5
6591 1
6608 4
6621 4
6638 8
6651 2
6657 9
6686 9
6707 3
6711 9
6725 5
6732 2
6755 9
6768 8
6787 4
6796 2
6825 1
6877 7
6896 9
6957 5
6977 5
7023 5
7024 1
7037 2
7047 2
7075 8
7103 2
7170 5
7176 9
7179 2
7183 0
7199 7
7215 9
7277 7
7323 3
7339 5
7376 2
7420 2
7430 4
7435 7
7447 5
7461 8
7468 5
7523 9
7547 7
7552 5
7554 2
7572 5
7605 6
7636 0
7662 9
7674 8
7675 1
7676 4
7686 0
7694 5
7727 9
7752 3
7753 0
7758 4
7832 7
7837 2
7838 4
7854 5
7892 3
7900 7
7901 1
7928 5
8034 5
8038 4
8040 9
8058 4
8091 4
8100 8
8126 4
8143 6
8181 3
8192 2
8216 2
8233 7
8256 7
8284 3
8292 7
8314 9
8315 5
8323 1
8342 5
