6 5
8 8
9 5
10 3
12 2
18 5
22 8
25 8
27 3
31 8
39 8
41 9
43 8
44 5
45 5
47 4
49 8
55 3
57 5
58 6
59 5
61 6
66 5
70 6
74 5
75 9
80 5
81 8
84 8
89 0
97 3
98 7
100 5
103 3
108 6
112 5
114 9
115 9
116 5
117 9
118 6
122 9
123 6
125 7
128 8
130 6
134 3
136 0
138 3
141 8
144 4
146 4
151 7
152 5
153 3
156 2
157 3
158 6
159 5
162 3
163 9
165 9
170 5
171 3
174 4
179 5
183 8
184 7
191 8
192 3
196 5
198 5
202 7
204 2
205 5
209 8
214 5
220 5
221 8
222 7
231 8
243 3
244 7
247 3
251 5
252 3
257 2
261 9
263 9
266 8
270 5
271 6
272 3
277 5
280 5
281 3
282 3
288 5
295 5
302 8
303 2
314 5
316 7
321 3
326 6
327 8
330 8
342 8
343 6
344 5
348 5
352 4
354 8
355 5
356 7
357 3
360 3
366 6
374 3
377 5
378 5
381 6
382 3
387 2
388 8
392 6
393 3
396 7
406 2
407 9
409 8
412 7
413 5
417 5
424 5
431 7
434 6
437 3
438 9
449 3
454 4
457 5
459 5
467 8
473 9
476 2
480 9
481 7
487 7
492 9
493 3
495 8
