1 2
8 5
43 2
46 1
54 6
59 5
61 8
63 3
64 7
72 2
77 2
78 9
79 7
92 9
97 7
104 9
111 7
114 7
124 7
133 7
142 3
149 2
151 9
159 4
171 7
172 2
175 7
183 0
184 8
187 5
195 3
199 2
217 6
219 5
226 8
230 3
235 9
241 9
243 7
244 2
245 3
250 4
257 8
259 6
266 8
267 1
274 9
289 5
291 2
300 4
301 7
307 7
313 3
318 2
319 5
320 9
321 2
324 0
331 2
333 5
336 9
338 8
340 5
344 8
347 5
349 3
352 5
353 6
358 7
363 2
380 0
386 6
389 9
394 9
401 8
403 8
405 4
406 5
412 5
421 2
429 8
433 5
435 8
439 6
445 6
447 4
448 9
449 3
457 6
468 7
477 2
479 9
490 0
495 8
500 3
502 5
505 3
508 6
516 2
522 7
527 8
528 3
536 2
543 8
545 0
547 2
551 7
552 0
553 8
554 7
576 3
577 3
578 3
580 8
582 8
591 8
597 0
603 8
606 8
619 1
624 2
625 6
627 9
628 3
629 2
638 5
639 9
642 0
645 5
650 6
655 8
659 2
667 7
674 5
684 7
685 8
688 6
690 2
691 8
692 5
699 3
703 7
707 4
714 8
717 0
720 5
726 7
727 3
728 2
729 6
736 4
738 2
740 4
741 2
744 2
748 4
750 0
751 5
761 8
766 5
769 6
780 3
781 8
791 5
797 5
800 8
806 8
813 9
827 4
828 2
829 4
830 2
832 7
834 6
839 8
841 7
844 8
846 7
847 3
849 3
870 6
872 8
874 9
877 8
878 8
879 8
882 9
885 6
898 7
899 8
900 1
909 7
930 7
936 8
939 2
943 6
944 3
947 8
950 7
951 5
955 5
956 1
958 3
959 4
960 7
962 9
965 6
969 4
975 2
982 3
990 2
992 9
995 2
998 8
1003 5
1012 7
1014 6
1017 6
1021 7
1022 5
1031 2
1032 5
1033 8
1039 7
1044 6
1050 2
1055 7
1062 3
1066 3
1076 2
1082 5
1092 3
1093 8
1099 6
1101 8
1107 9
1108 6
1112 4
1119 7
1125 8
1138 2
1153 6
1155 2
1156 7
1161 6
1178 4
1182 6
1191 0
1192 9
1194 7
1198 8
1200 8
1204 3
1206 7
1217 9
1219 8
1224 2
1232 9
1234 8
1239 3
1241 7
1242 4
1243 5
1247 9
1248 8
1251 2
1256 2
1260 7
1263 4
1268 8
1273 0
1283 7
1288 0
1289 5
1296 6
1299 5
1303 2
1319 8
1326 7
1334 5
1337 2
1344 6
1345 2
1348 2
1354 3
1355 7
1357 4
1364 8
1366 7
1367 3
1374 2
1378 5
1384 3
1388 6
1395 2
1402 2
1410 2
1411 0
1412 2
1415 8
1425 8
1431 2
1432 2
1436 6
1440 4
1441 8
1444 6
1453 4
1458 6
1459 2
1462 2
1465 4
1466 5
1470 8
1472 3
1476 5
1500 7
1502 8
1514 2
1521 5
1522 7
1525 5
1526 0
1527 1
1530 8
1543 7
1551 2
1556 8
1559 9
1560 8
1562 8
1568 8
1569 6
1571 4
1572 8
1574 2
1579 6
1584 8
1586 3
1587 6
1591 3
1592 7
1594 9
1598 5
1601 3
1609 2
1613 8
1614 4
1618 5
1626 6
1627 9
1635 5
1637 5
1641 5
1642 2
1648 9
1658 2
1661 3
1671 7
1676 6
1678 2
1681 3
1682 2
1686 8
1687 8
1691 1
1695 9
1697 9
1700 0
1707 1
1709 9
1712 0
1716 7
1717 8
1718 7
1722 2
1732 9
1737 5
1740 8
1748 0
1749 2
1750 7
1754 7
1759 8
1765 3
1767 4
1772 7
1773 1
1774 8
1779 3
1782 8
1785 1
1790 2
1792 7
1800 6
1808 0
1809 7
1813 8
1814 7
1819 6
1842 2
1847 5
1850 8
1853 9
1855 8
1856 3
1859 8
1865 4
1868 1
1871 2
1878 8
1882 8
1899 8
1900 1
1901 9
1903 7
1909 1
1911 5
1928 3
1930 2
1933 7
1940 5
1952 9
1955 8
1956 4
1967 5
1970 5
1973 8
1982 6
1984 2
1989 4
1992 9
2003 5
2004 8
2011 3
2016 7
2018 1
2028 7
2033 0
2035 5
2037 5
2040 5
2043 4
2047 6
2049 9
2050 8
2052 8
2053 4
2058 2
2063 7
2066 6
2080 3
2093 8
2095 7
2097 6
2098 2
2099 8
2107 8
2108 2
2109 3
2110 2
2113 5
2116 6
2118 6
2129 9
2130 4
2135 6
2138 2
2144 6
2152 8
2162 5
2174 3
2177 8
2182 1
2186 2
2189 9
2193 7
2197 4
2199 6
2224 5
2229 3
2232 9
2253 2
2258 1
2260 2
2266 1
2269 2
2272 8
2282 5
2292 9
2293 9
2298 8
2299 2
2309 8
2312 3
2318 0
2320 9
2325 7
2333 0
2334 7
2346 5
2350 2
2351 3
2358 1
2374 2
2377 7
2378 0
2380 9
2381 8
2382 8
2387 9
2388 6
2393 8
2394 4
2395 8
2404 4
2406 9
2422 6
2423 8
2430 8
2441 3
2445 5
2447 4
2452 5
2454 6
2459 2
2460 5
2462 2
2464 4
2474 7
2479 0
2481 2
2484 7
2488 2
2496 2
2512 8
2513 7
2515 5
2517 2
2526 5
2534 3
2539 7
2542 6
2543 8
2545 5
2547 7
2550 8
2551 3
2556 5
2571 0
2573 5
2578 7
2581 5
2582 9
2586 5
2598 8
2607 7
2610 2
2628 7
2635 2
2636 8
2648 9
2649 0
2651 6
2654 6
2665 7
2668 5
2686 5
2705 1
2713 0
2721 6
2724 8
2726 2
2728 6
2737 6
2739 8
2743 5
2750 6
2751 6
2752 2
2758 8
2760 9
2770 3
2772 5
2776 3
2780 2
2782 6
2790 5
2791 6
2793 8
2810 5
2820 7
2823 7
2828 4
2829 5
2832 5
2834 8
2836 4
2848 2
2850 5
2853 3
2860 6
2862 8
2864 2
2865 3
2869 8
2883 9
2896 8
2900 4
2905 8
2907 4
2909 5
2915 7
2919 5
2925 5
2927 3
2930 5
2932 0
2939 9
2945 3
2951 5
2953 3
2956 5
2959 2
2972 0
2975 8
2979 9
2986 5
2989 3
2990 8
2995 6
2998 4
3001 9
3005 9
3011 7
3029 4
3030 6
3033 6
3034 9
3035 2
3059 7
3060 9
3061 7
3062 8
3073 1
3078 3
3088 6
3091 8
3093 5
3096 4
3106 2
3108 3
3109 7
3115 5
3117 5
3119 5
3122 7
3130 6
3136 7
3138 3
3139 8
3153 8
3154 4
3157 5
3158 8
3166 7
3183 5
3185 0
3186 8
3189 7
3193 3
3205 8
3206 8
3212 2
3218 6
3222 6
3225 7
3229 2
3238 6
3240 9
3246 8
3252 6
3254 6
3256 2
3258 2
3260 2
3261 3
3262 7
3263 8
3269 6
3273 6
3277 7
3279 8
3285 3
3288 4
3289 8
3294 7
3295 5
3301 2
3302 6
3316 7
3329 7
3330 2
3333 7
3339 2
3341 4
3342 6
3344 6
3352 7
3355 2
3361 7
3364 8
3365 6
3367 2
3369 9
3373 7
3381 3
3384 2
3388 4
3393 5
3405 4
3422 6
3436 2
3440 8
3441 7
3442 6
3460 9
3467 9
3468 5
3469 3
3473 8
3474 2
3475 3
3489 2
3490 4
3492 8
3503 9
3504 9
3506 5
3509 8
3511 2
3519 8
3520 6
3521 8
3522 2
3525 7
3529 9
3547 2
3549 3
3550 6
3552 5
3555 8
3557 6
3558 5
3559 8
3563 8
3564 6
3567 8
3573 7
3575 7
3577 2
3578 2
3597 9
3599 2
3623 5
3629 8
3631 5
3636 5
3640 0
3647 7
3654 5
3655 2
3656 7
3662 8
3678 5
3681 2
3694 2
3697 6
3702 5
3708 8
3713 7
3716 9
3726 4
3742 3
3744 6
3748 6
3749 6
3751 7
3757 8
3762 6
3766 3
3767 7
3769 3
3773 2
3778 5
3782 8
3787 3
3796 2
3799 7
3806 5
3808 7
3811 2
3817 2
3820 9
3821 9
3834 3
3836 7
3838 7
3846 6
3848 7
3850 9
3853 6
3855 5
3871 8
3876 2
3879 9
3893 5
3906 1
3908 6
3916 3
3926 9
3942 0
3946 2
3948 6
3951 8
3952 5
3961 6
3976 7
3978 6
3984 9
3985 9
3987 8
3998 4
4000 9
4007 7
4011 8
4018 3
4022 6
4041 8
4053 7
4058 8
4059 5
4063 6
4065 0
4068 8
4071 4
4075 8
4078 9
4116 8
4120 3
4121 8
4123 8
4124 8
4129 9
4131 5
4133 2
4140 8
4141 8
4145 8
4146 0
4148 7
4163 9
4165 8
4173 2
4176 2
4187 2
4194 4
4205 2
4211 6
4212 1
4215 7
4224 9
4225 7
4230 8
4238 7
4239 6
4248 2
4255 5
4256 3
4260 2
4270 3
4272 9
4275 2
4284 9
4285 6
4289 2
4299 9
4300 5
4302 5
4306 3
4310 5
4314 9
4315 5
4321 9
4338 5
4341 2
4344 9
4350 2
4355 5
4360 5
4368 5
4369 9
4374 5
4379 4
4380 8
4381 5
4390 8
4393 3
4400 7
4413 6
4423 7
4427 2
4429 8
4433 7
4435 3
4438 4
4439 6
4449 6
4451 2
4452 8
4455 8
4461 5
4463 5
4465 4
4477 0
4482 2
4483 4
4487 7
4489 9
4497 8
4498 7
4500 9
4503 2
4504 2
4507 1
4513 8
4521 2
4528 3
4540 7
4541 3
4546 2
4547 6
4556 9
4567 4
4571 6
4573 2
4575 4
4577 5
4583 5
4601 8
4604 0
4605 3
4607 6
4608 8
4614 0
4619 6
4620 6
4626 8
4629 8
4633 9
4636 2
4639 8
4640 8
4643 1
4647 3
4654 7
4656 2
4657 3
4665 9
4666 2
4671 8
4677 7
4681 9
4690 7
4692 9
4699 6
4702 6
4706 9
4713 2
4724 8
4737 8
4739 0
4740 3
4742 7
4743 8
4745 4
4750 8
4751 4
4761 9
4762 5
4763 5
4771 5
4783 4
4785 3
4798 6
4807 8
4812 2
4814 6
4816 2
4822 8
4828 5
4833 3
4834 0
4837 7
4838 6
4841 3
4852 8
4860 4
4861 7
4862 0
4873 3
4874 9
4876 2
4878 2
4880 0
4885 3
4886 7
4890 8
4900 7
4915 5
4924 1
4928 3
4934 6
4943 2
4947 9
4950 2
4952 6
4956 8
4966 7
4979 5
4980 6
4982 8
4990 3
5001 9
5015 9
5020 5
5029 9
5046 3
5053 2
5054 3
5067 3
5068 4
5074 3
5078 3
5088 6
5119 2
5127 2
5135 9
5155 0
5157 2
5159 4
5163 8
5165 0
5185 3
5191 4
5199 6
5201 4
5212 3
5214 3
5217 2
5220 9
5224 3
5225 3
5237 3
5246 7
5250 2
5260 4
5261 7
5288 8
5311 9
5319 4
5324 7
5336 3
5364 5
5380 8
5395 4
5401 6
5432 5
5446 3
5457 1
5473 5
5489 8
5519 0
5522 8
5525 4
5530 8
5539 6
5547 8
5548 8
5556 4
5559 4
5561 4
5562 2
5564 4
5577 4
5578 8
5586 8
5593 0
5601 8
5605 2
5615 2
5626 2
5634 2
5643 2
5653 0
5655 7
5674 3
5677 4
5678 8
5680 8
5691 4
5711 5
5713 4
5718 0
5720 4
5726 5
5728 7
5734 3
5735 5
5740 3
5745 7
5748 2
5749 8
5752 5
5757 9
5760 3
5763 2
5769 5
5771 8
5779 5
5802 5
5803 8
5824 3
5835 7
5836 8
5841 3
5842 4
5845 7
5851 4
5857 8
5876 8
5878 3
5882 3
5887 7
5888 4
5890 0
5897 9
5906 7
5907 2
5911 8
5912 3
5913 5
5918 0
5922 5
5923 4
5926 4
5936 4
5937 5
5940 8
5950 8
5955 3
5957 5
5967 8
5972 5
5976 8
5981 5
5982 5
5985 5
5986 4
5992 7
5997 5
6001 8
6007 7
6010 2
6018 8
6019 4
6026 7
6027 2
6035 2
6041 2
6042 5
6043 5
6048 7
6052 2
6053 5
6056 8
6064 2
6065 3
6067 5
6081 9
6085 3
6090 8
6091 9
6093 2
6107 3
6109 2
6111 2
6112 9
6117 0
6118 2
6120 5
6124 9
6126 9
6132 2
6151 3
6153 8
6154 8
6157 9
6166 9
6174 3
6178 8
6179 6
6237 6
6238 8
6257 5
6260 3
6262 8
6273 4
6291 5
6294 6
6297 8
6304 8
6305 2
6312 3
6347 8
6351 0
6352 2
6358 8
6386 5
6390 5
6392 5
6393 9
6402 6
6418 2
6426 0
6432 3
6450 8
6460 4
6488 4
6495 8
6496 9
6505 9
6517 3
6520 9
6528 2
6555 8
6564 3
6565 9
6568 9
6574 2
6577 7
6595 8
6597 0
6598 5
6599 7
6603 8
6608 9
6613 6
6614 2
6625 8
6631 8
6632 9
6642 9
6643 0
6651 0
6661 1
6662 7
6667 6
6668 6
6669 6
6677 2
6691 6
6698 2
6704 3
6706 5
6709 8
6715 4
6725 8
6728 5
6730 7
6742 4
6743 1
6744 2
6746 5
6755 8
6756 7
6759 4
6761 4
6762 7
6765 8
6768 7
6769 4
6775 5
6778 9
6780 4
6782 6
6784 9
6785 2
6797 2
6810 2
6816 8
6827 9
6844 2
6847 6
6864 8
6878 2
6895 9
6906 2
6914 9
6919 9
6929 2
6935 8
6942 5
6945 8
6956 9
6958 8
6985 3
6990 4
6994 6
6997 4
7001 2
7016 8
7027 8
7035 8
7043 9
7061 9
7074 2
7075 3
7081 9
7119 3
7121 8
7132 9
7135 2
7140 3
7161 0
7163 2
7164 8
7170 3
7178 5
7186 4
7204 7
7210 6
7211 3
7212 2
7213 6
7216 0
7220 8
7224 9
7227 9
7229 2
7235 2
7242 9
7243 9
7248 3
7249 2
7254 9
7258 6
7259 8
7313 8
7315 5
7324 5
7333 3
7338 4
7349 2
7350 3
7352 5
7365 3
7386 2
7393 5
7396 3
7401 3
7407 3
7427 6
7432 7
7433 8
7434 4
7436 3
7437 5
7439 7
7443 6
7451 5
7455 8
7469 2
7473 4
7476 3
7477 7
7490 7
7492 2
7494 4
7502 8
7503 6
7504 7
7505 0
7510 4
7511 5
7514 8
7519 3
7523 7
7524 8
7541 5
7548 6
7557 9
7568 3
7569 8
7574 4
7578 5
7579 9
7588 9
7597 8
7602 5
7603 8
7619 2
7620 3
7627 2
7628 3
7637 2
7651 9
7656 3
7671 0
7672 5
7673 5
7689 8
7691 8
7694 8
7713 8
7714 3
7718 8
7720 8
7724 2
7736 9
7746 9
7769 9
7776 8
7777 5
7779 5
7784 1
7797 5
7799 9
7812 1
7813 9
7823 8
7837 9
7839 1
7842 5
7849 3
7850 5
7851 6
7856 1
7858 3
7859 5
7860 6
7861 7
7863 9
7870 5
7874 9
7876 2
7877 7
7888 5
7891 6
7896 1
7897 6
7899 1
7900 1
7901 8
7902 7
7912 7
7914 6
7915 7
7921 8
7925 6
7926 8
7927 7
7928 1
7930 2
7935 2
7936 3
7951 8
7961 8
7965 5
7976 4
7978 7
7986 2
7991 9
8008 7
8012 8
8015 8
8031 2
8037 8
8043 7
8061 4
8064 7
8068 1
8072 5
8078 1
8079 2
8080 3
8081 4
8082 5
8087 3
8088 1
8089 5
8091 2
8095 4
8097 8
8102 2
8103 6
8104 6
8106 7
8107 4
8110 7
8112 2
8119 2
8120 3
8140 3
8144 7
8160 5
8164 1
8181 9
8182 9
8183 8
8184 9
8185 5
8194 0
8196 6
8198 2
8204 4
8217 8
8238 2
8239 1
8245 2
8250 9
8255 4
8258 8
8259 9
8262 2
8272 3
8273 0
8276 4
8279 8
8281 6
8287 6
8304 7
8311 6
8322 9
8323 2
8326 6
8332 9
8339 8
8353 2
8397 3
8406 4
8408 8
8410 8
8416 4
8418 1
8419 3
8444 5
8453 5
8456 8
8457 9
8459 1
8465 7
8472 4
8485 3
8486 8
8491 1
8497 7
8498 2
8502 5
8505 8
8508 3
8510 7
8519 7
8525 7
8527 4
8530 8
8541 7
8544 2
8547 8
8553 5
8561 3
8584 2
8597 3
8601 5
8602 2
8688 7
8691 0
8693 2
8787 8
8792 6
8896 6
8901 6
8912 8
8920 9
8933 9
8941 4
8952 3
8953 9
8954 4
8955 9
8958 8
8961 4
8964 5
8973 2
8975 3
8981 3
8998 9
9008 4
9009 7
9010 2
9011 3
9015 7
9016 0
9024 7
9027 3
9038 0
9044 7
9045 7
9046 2
9054 9
9056 3
9073 3
9075 5
9081 1
9085 5
9103 4
9123 2
9130 6
9135 2
9155 1
9161 8
9163 3
9168 2
9191 2
9194 5
9197 8
9203 4
9210 6
9211 4
9225 2
9226 6
9227 3
9229 3
9233 1
9237 8
9251 6
9253 4
9256 6
9263 8
9280 8
9293 9
9303 2
9309 2
9316 8
9321 8
9326 8
9342 3
9364 6
9366 6
9375 8
9385 8
9394 8
9416 9
9417 2
9421 2
9426 6
9427 5
9433 8
9445 3
9446 2
9477 2
9478 5
9479 3
9491 3
9496 8
9501 3
9508 0
9511 3
9513 5
9516 8
9517 9
9533 5
9534 7
9536 3
9538 4
9544 9
9553 9
9554 9
9556 1
9560 7
9575 8
9578 2
9594 1
9595 2
9607 6
9609 8
9612 1
9617 6
9618 7
9620 9
9624 3
9627 6
9628 7
9629 8
9634 0
9638 9
9640 7
9642 9
9645 1
9646 4
9652 7
9654 3
9655 3
9662 3
9664 2
9666 0
9669 4
9670 3
9677 0
9679 6
9680 3
9693 6
9695 8
9696 2
9697 3
9698 6
9700 2
9706 2
9714 0
9716 2
9717 3
9719 5
9726 2
9728 4
9729 5
9736 6
9740 9
9741 9
9742 3
9745 4
9747 5
9749 5
9751 2
9752 2
9755 8
9768 2
9770 5
9777 5
9778 6
9779 2
9780 8
9786 5
9792 4
9798 2
9800 0
9808 9
9811 2
9815 6
9826 0
9839 2
9840 3
9841 5
9847 2
9850 0
9855 2
9856 9
9858 6
9867 2
9870 5
9879 0
9886 6
9890 9
9891 9
9892 8
9893 2
9901 9
9904 2
9905 3
9907 5
9913 2
9920 8
9921 6
9922 4
9925 3
9926 8
9937 2
9940 6
9944 3
9953 6
9954 2
9959 8
9967 8
9970 5
9975 3
9980 2
9982 5
9985 2
9986 3
9991 8
9993 0
9995 2
9998 5
