8 8
15 9
75 9
89 0
147 0
157 3
192 3
238 6
257 2
262 3
324 2
393 3
478 0
517 9
520 5
583 4
600 5
618 9
674 9
782 8
858 3
877 3
896 5
897 2
990 7
1024 2
1044 3
1093 9
1151 1
1297 0
1304 0
1324 5
1338 6
1371 0
1375 3
1463 9
1494 2
1519 0
1559 5
1602 5
1667 5
1675 7
1752 5
1777 3
1796 8
1816 9
1914 5
1915 4
1975 1
2000 5
2001 8
2100 2
2110 6
2139 4
2182 0
2283 9
2324 3
2343 8
2345 9
2352 5
2395 2
2418 3
2454 5
2498 6
2604 3
2627 3
2636 8
2774 9
2808 8
2853 5
2873 5
2964 1
2969 9
2976 4
3041 0
3162 4
3238 9
3242 0
3247 9
3267 6
3316 9
3384 8
3413 4
3422 7
3424 0
3449 5
3476 5
3477 9
3491 5
3562 9
3565 5
3567 6
3659 7
3671 5
3684 8
3707 0
3801 3
3826 2
3844 8
3858 8
3929 9
3930 5
3932 9
3944 4
3992 8
4065 6
4102 3
4124 8
4174 3
4190 2
4223 2
4287 9
4300 2
4347 9
4360 9
4386 5
4494 2
4512 7
4527 9
4551 2
4571 8
4577 3
4620 4
4639 0
4671 2
4697 8
4743 9
4751 8
4792 7
4862 9
4951 8
4953 3
5038 2
5107 5
5185 3
5205 8
5228 9
5274 2
5311 0
5323 8
5324 4
5327 9
5334 8
5351 2
5389 9
5476 5
5547 2
5565 9
5589 8
5595 0
5641 0
5690 7
5731 5
5865 2
5868 2
5903 4
5926 2
5935 8
5958 9
6053 2
6128 0
6129 0
6147 0
6180 3
6307 4
6311 0
6348 8
6360 2
6390 8
6431 7
6442 3
6496 5
6622 8
6638 8
6646 7
6707 3
6754 9
6768 8
6800 5
6830 3
6860 2
6873 8
6919 9
6932 5
6945 2
7053 6
7073 2
7075 8
7268 8
7277 7
7293 3
7323 3
7376 2
7420 2
7430 4
7468 5
7572 5
7636 0
7675 1
7685 6
7686 0
7726 5
7753 0
7772 6
7775 4
7832 7
7920 1
7928 5
7982 8
8034 5
8038 4
8040 9
8083 0
8091 4
8256 7
8265 5
8292 7
