75 9
89 0
147 0
157 3
192 3
238 6
344 5
355 5
411 2
478 0
516 9
517 9
520 5
674 9
782 8
877 3
896 5
1044 3
1093 9
1110 6
1151 1
1297 0
1304 0
1324 5
1387 2
1463 9
1559 5
1619 3
1628 2
1675 7
1695 8
1748 8
1796 8
1816 9
1852 8
1914 5
1943 3
1975 1
2000 5
2182 0
2283 9
2324 3
2343 8
2345 9
2352 5
2383 3
2418 3
2454 5
2473 5
2604 3
2607 7
2627 3
2636 8
2808 8
2816 8
2873 5
2968 6
2969 9
3095 2
3162 4
3238 9
3239 6
3242 0
3247 9
3267 6
3316 9
3337 3
3384 8
3413 4
3422 7
3424 0
3449 5
3476 5
3477 9
3562 9
3565 5
3571 8
3659 7
3671 5
3674 4
3684 8
3690 9
3801 3
3803 4
3826 2
3858 8
3929 9
3930 5
3932 9
3944 4
3992 8
4065 6
4169 4
4223 2
4263 6
4287 9
4300 2
4347 9
4360 9
4386 5
4512 7
4571 8
4577 3
4620 4
4627 8
4629 3
4639 0
4696 7
4697 8
4709 5
4718 3
4751 8
4792 7
4862 9
4951 8
5090 9
5185 3
5228 9
5274 2
5311 0
5324 4
5334 8
5366 5
5452 3
5476 5
5547 2
5595 0
5628 2
5641 0
5646 8
5690 7
5715 4
5731 5
5739 5
5804 2
5851 9
5865 2
5903 4
5958 9
6062 8
6122 8
6128 0
6129 0
6147 0
6156 2
6226 3
6307 4
6311 0
6348 8
6390 8
6431 7
6442 3
6462 1
6496 5
6622 8
6638 8
6707 3
6754 9
6768 8
6800 5
6860 2
6876 0
6919 9
6945 2
6998 6
7053 6
7103 2
7112 4
7256 8
7277 7
7311 6
7323 3
7376 2
7391 0
7420 2
7430 4
7572 5
7589 8
7636 0
7661 8
7675 1
7686 0
7694 5
7726 5
7754 9
7758 4
7772 6
7832 7
7892 3
7900 7
7982 8
8034 5
8091 4
8101 0
8256 7
8265 5
8284 3
8292 7
