149 2
151 9
211 5
233 8
241 9
247 4
259 6
300 4
320 9
321 2
340 5
352 5
381 3
406 5
445 6
448 9
450 3
478 5
479 9
502 5
552 0
565 4
578 3
582 8
619 1
658 7
659 2
674 5
684 7
691 8
707 4
717 0
720 5
740 4
791 5
810 7
881 4
898 7
900 1
924 2
950 7
956 1
965 6
982 3
995 2
1003 5
1014 6
1032 5
1039 7
1062 3
1082 5
1107 9
1112 4
1114 3
1119 7
1156 7
1166 3
1181 6
1182 6
1202 8
1204 3
1206 7
1208 3
1226 7
1228 9
1232 9
1242 4
1243 5
1247 9
1256 2
1260 7
1272 5
1273 0
1283 7
1299 5
1326 7
1328 7
1337 2
1378 5
1391 4
1393 5
1413 4
1429 9
1444 6
1494 7
1500 7
1522 7
1525 5
1527 1
1530 8
1549 4
1553 9
1581 7
1609 2
1621 0
1634 4
1637 5
1641 5
1671 7
1678 2
1681 3
1709 9
1716 7
1717 8
1754 7
1772 7
1790 2
1868 1
1901 9
1903 7
1911 5
1917 5
1938 4
1941 7
1952 9
1970 5
1973 8
2016 7
2024 7
2035 5
2043 4
2044 2
2053 4
2070 7
2073 5
2093 8
2098 2
2099 8
2105 3
2109 3
2118 6
2125 5
2129 9
2130 4
2135 6
2148 4
2182 1
2186 2
2189 9
2192 5
2215 6
2224 5
2266 1
2272 8
2292 9
2293 9
2299 2
2325 7
2358 1
2369 5
2371 4
2387 9
2393 8
2406 9
2422 6
2433 2
2454 6
2464 4
2488 2
2514 4
2525 5
2556 5
2559 5
2573 5
2574 5
2578 7
2589 9
2598 8
2607 7
2630 4
2648 9
2654 6
2668 5
2670 5
2713 0
2720 9
2730 7
2770 3
2771 4
2863 9
2896 8
2915 7
2919 5
2921 3
2925 5
2927 3
2939 9
2952 3
2953 3
2995 6
3005 9
3030 6
3060 9
3062 8
3073 1
3114 4
3117 5
3130 6
3133 4
3145 5
3157 5
3166 7
3206 8
3240 9
3330 2
3333 7
3405 4
3410 4
3422 6
3456 3
3468 5
3490 4
3503 9
3525 7
3533 4
3549 3
3558 5
3565 5
3567 8
3575 7
3580 7
3597 9
3604 7
3629 8
3702 5
3716 9
3718 4
3726 4
3749 6
3757 8
3758 4
3767 7
3776 5
3780 4
3796 2
3801 6
3806 5
3808 7
3811 2
3817 2
3821 9
3834 3
3838 7
3848 7
3853 6
3855 5
3869 9
3876 2
3893 5
3902 5
3906 1
3926 9
3941 4
3946 2
3962 3
3976 7
3984 9
3998 4
4007 7
4017 4
4018 3
4052 5
4065 0
4075 8
4076 5
4078 9
4093 9
4102 7
4152 5
4154 9
4163 9
4176 2
4177 5
4201 1
4205 2
4212 1
4224 9
4248 2
4256 3
4261 5
4265 4
4284 9
4289 2
4300 5
4306 3
4315 5
4317 3
4355 5
4356 5
4359 5
4369 9
4374 5
4380 8
4405 9
4425 9
4435 3
4477 0
4489 9
4497 8
4498 7
4500 9
4536 6
4540 7
4571 6
4575 4
4601 8
4615 2
4620 6
4690 7
4761 9
4763 5
4807 8
4814 6
4823 9
4828 5
4833 3
4837 7
4852 8
4861 7
4874 9
4880 0
4886 7
4888 5
4915 5
4918 9
4950 2
4956 8
4966 7
4987 4
5038 3
5046 3
5054 3
5067 3
5078 3
5140 3
5165 0
5183 8
5209 8
5246 7
5331 1
5457 1
5601 8
5634 2
5642 1
5653 0
5734 3
5735 5
5749 8
5752 5
5835 7
5887 7
5888 4
5891 5
5913 5
5922 5
5935 3
5936 4
5955 3
5957 5
5972 5
5973 3
5987 0
5997 5
6011 3
6023 3
6026 7
6035 2
6059 3
6065 3
6071 9
6081 9
6091 9
6112 9
6124 9
6126 9
6157 9
6166 9
6168 9
6172 9
6173 9
6421 3
6425 6
6426 0
6505 9
6532 0
6555 8
6560 9
6568 9
6571 9
6576 7
6577 7
6597 0
6598 5
6603 8
6632 9
6651 0
6706 5
6740 9
6783 1
6914 9
6981 5
7081 9
7210 6
7216 0
7220 8
7233 3
7248 3
7432 7
7434 4
7451 5
7459 9
7498 5
7511 5
7539 2
7565 7
7713 8
7718 8
7779 5
7797 5
7800 3
7821 3
7849 3
7858 3
7886 2
7899 1
7921 8
7928 1
8062 5
8091 2
8094 2
8095 4
8115 3
8160 5
8196 6
8246 3
8263 3
8277 3
8279 8
8293 3
8296 3
8308 3
8325 0
8339 8
8362 3
8406 4
8408 8
8410 8
8453 5
8504 9
8509 1
8520 4
8522 8
8523 9
8952 3
9009 7
9015 7
9016 0
9019 7
9024 7
9036 7
9045 7
9046 2
9071 1
9182 3
9280 8
9342 3
9535 2
9560 7
9564 8
9587 9
9624 3
9634 0
9642 9
9679 6
9698 6
9700 2
9712 8
9716 2
9719 5
9729 5
9744 8
9745 4
9749 5
9764 4
9768 2
9770 5
9779 2
9792 4
9839 2
9856 9
9879 0
9883 5
9905 3
9943 3
9944 3
9970 5
9975 3
9982 5
