15 9
75 9
89 0
147 0
157 3
184 7
192 3
238 6
257 2
344 5
355 5
413 5
449 3
478 0
517 9
520 5
570 4
600 5
674 9
782 8
858 3
863 0
877 3
896 5
897 2
1044 3
1110 6
1151 1
1297 0
1304 0
1324 5
1371 0
1389 3
1463 9
1494 2
1559 5
1667 5
1748 8
1752 5
1777 3
1796 8
1816 9
1914 5
1915 4
1943 3
1975 1
2000 5
2021 7
2119 6
2139 4
2182 0
2324 3
2343 8
2345 9
2352 5
2395 2
2418 3
2480 6
2498 6
2627 3
2636 8
2774 9
2808 8
2873 5
2964 1
2968 6
2969 9
2976 4
3009 3
3095 2
3162 4
3183 5
3242 0
3247 9
3316 9
3384 8
3389 6
3413 4
3424 0
3449 5
3477 9
3562 9
3571 8
3659 7
3671 5
3674 4
3690 9
3801 3
3803 4
3826 2
3858 8
3929 9
3930 5
3932 9
3944 4
4065 6
4173 3
4190 2
4287 9
4300 2
4347 9
4360 9
4377 2
4386 5
4494 2
4512 7
4571 8
4639 0
4697 8
4709 5
4718 3
4751 8
4766 2
4792 7
4824 7
4858 9
4862 9
4951 8
5185 3
5228 9
5236 2
5274 2
5279 3
5311 0
5324 4
5366 5
5389 9
5452 3
5473 6
5476 5
5547 2
5587 8
5589 8
5641 0
5646 8
5690 7
5731 5
5804 2
5851 9
5865 2
5889 5
5926 2
5935 8
5958 9
6053 2
6112 9
6122 8
6128 0
6129 0
6135 2
6147 0
6307 4
6311 0
6348 8
6360 2
6390 8
6431 7
6462 1
6496 5
6621 4
6622 8
6632 2
6638 8
6707 3
6729 8
6754 9
6768 8
6800 5
6860 2
6876 0
6877 7
6919 9
6932 5
6945 2
7053 6
7256 8
7268 8
7277 7
7300 0
7376 2
7391 0
7420 2
7430 4
7468 5
7572 5
7636 0
7673 2
7675 1
7685 6
7686 0
7694 5
7699 8
7726 5
7753 0
7754 9
7772 6
7832 7
7892 3
7982 8
8034 5
8040 9
8083 0
8091 4
8100 8
8101 0
8153 9
8208 4
8256 7
8265 5
8292 7
