18 3
151 9
158 3
233 8
241 9
247 4
259 6
318 2
320 9
321 2
340 5
352 5
435 8
448 9
449 3
460 5
479 9
495 8
551 7
552 0
610 4
619 1
628 3
659 2
684 7
691 8
707 4
717 0
720 5
740 4
760 4
791 5
810 7
839 8
890 3
898 7
947 8
956 1
965 6
982 3
1003 5
1014 6
1032 5
1039 7
1044 6
1062 3
1082 5
1107 9
1112 4
1114 3
1156 7
1181 6
1182 6
1191 0
1194 7
1226 7
1232 9
1242 4
1247 9
1260 7
1283 7
1299 5
1310 3
1328 7
1337 2
1393 5
1413 4
1436 6
1494 7
1500 7
1522 7
1527 1
1530 8
1549 4
1553 9
1581 7
1621 0
1637 5
1678 2
1681 3
1709 9
1717 8
1721 7
1732 9
1737 5
1754 7
1790 2
1800 6
1850 8
1880 6
1901 9
1903 7
1938 4
1952 9
1969 6
1970 5
2009 9
2016 7
2024 7
2035 5
2044 2
2053 4
2070 7
2093 8
2098 2
2105 3
2109 3
2118 6
2129 9
2130 4
2135 6
2162 5
2182 1
2189 9
2215 6
2224 5
2266 1
2272 8
2293 9
2299 2
2325 7
2326 0
2358 1
2369 5
2371 4
2387 9
2406 9
2408 3
2422 6
2454 6
2460 5
2462 2
2488 2
2514 4
2525 5
2556 5
2560 3
2631 0
2648 9
2654 6
2658 4
2713 0
2730 7
2770 3
2771 4
2863 9
2896 8
2906 3
2921 3
2927 3
2939 9
2953 3
2970 5
2995 6
3005 9
3030 6
3060 9
3073 1
3117 5
3122 7
3145 5
3157 5
3206 8
3218 6
3240 9
3330 2
3333 7
3341 4
3369 9
3388 4
3405 4
3475 3
3503 9
3520 6
3525 7
3549 3
3558 5
3559 8
3565 5
3567 8
3573 7
3597 9
3681 2
3702 5
3718 4
3730 7
3751 7
3757 8
3767 7
3776 5
3778 5
3780 4
3801 6
3808 7
3817 2
3821 9
3838 7
3853 6
3869 9
3893 5
3902 5
3906 1
3926 9
3941 4
3943 3
3984 9
3985 9
4000 9
4002 3
4007 7
4017 4
4018 3
4063 6
4065 0
4075 8
4152 5
4163 9
4176 2
4199 7
4211 6
4212 1
4224 9
4238 7
4248 2
4256 3
4289 2
4300 5
4306 3
4344 9
4356 5
4359 5
4360 5
4369 9
4382 4
4400 7
4433 7
4435 3
4451 2
4477 0
4497 8
4498 7
4500 9
4504 2
4536 6
4552 3
4571 6
4575 4
4601 8
4615 2
4690 7
4731 8
4761 9
4785 3
4807 8
4814 6
4823 9
4833 3
4852 8
4880 0
4915 5
4950 2
4952 6
4956 8
4966 7
5054 3
5067 3
5078 3
5140 3
5165 0
5176 8
5183 8
5201 4
5246 7
5331 1
5457 1
5600 7
5634 2
5642 1
5653 0
5677 4
5734 3
5749 8
5752 5
5835 7
5842 4
5887 7
5888 4
5912 3
5922 5
5936 4
5937 5
5955 3
5972 5
5973 3
6023 3
6026 7
6030 3
6035 2
6053 5
6059 3
6065 3
6071 9
6081 9
6091 9
6101 1
6112 9
6124 9
6126 9
6157 9
6166 9
6168 9
6172 9
6173 9
6347 8
6426 0
6505 9
6532 0
6555 8
6571 9
6572 1
6577 7
6597 0
6598 5
6625 8
6632 9
6645 2
6651 0
6735 8
6740 9
6741 7
6783 1
6981 5
7121 8
7233 3
7333 3
7338 4
7430 5
7434 4
7459 9
7473 4
7511 5
7595 3
7713 8
7797 5
7812 1
7821 3
7842 5
7849 3
7856 1
7858 3
7886 2
7905 3
7928 1
8020 1
8061 4
8062 5
8081 4
8091 2
8094 2
8095 4
8115 3
8160 5
8196 6
8273 0
8277 3
8296 3
8375 7
8383 9
8410 8
8453 5
8520 4
8522 8
8523 9
8952 3
9009 7
9015 7
9019 7
9024 7
9036 7
9071 1
9103 4
9209 2
9280 8
9342 3
9422 5
9530 9
9587 9
9614 3
9634 0
9642 9
9643 1
9664 2
9692 9
9698 6
9716 2
9719 5
9729 5
9745 4
9749 5
9752 2
9768 2
9770 5
9779 2
9792 4
9839 2
9856 9
9858 6
9867 2
9888 6
9892 8
9905 3
9941 5
9943 3
9944 3
9954 2
9970 5
9975 3
9982 5
9986 3
