8 5
33 4
43 2
45 5
46 1
50 6
54 6
61 8
63 3
64 7
72 2
73 9
77 2
78 9
79 7
92 9
97 7
111 7
114 7
117 4
130 6
133 7
142 3
149 2
151 9
162 5
165 5
171 7
184 8
187 5
195 3
199 2
210 4
217 6
219 5
222 2
230 3
241 9
242 8
243 7
245 3
250 4
253 5
259 6
266 8
286 6
289 5
290 8
299 8
300 4
307 7
309 3
316 6
318 2
319 5
320 9
321 2
324 0
328 7
336 9
340 5
341 6
344 8
347 5
349 3
352 5
356 5
358 7
360 4
363 2
366 6
368 6
381 3
386 6
389 9
396 2
400 2
403 8
405 4
412 5
417 9
421 2
435 8
439 6
444 2
445 6
447 4
448 9
449 3
452 2
464 3
475 4
477 2
479 9
483 5
490 0
492 2
495 8
505 3
508 6
517 6
522 7
526 3
527 8
528 3
535 4
536 2
543 8
545 0
549 2
551 7
553 8
554 7
569 3
570 5
578 3
582 8
588 5
591 8
596 8
597 0
603 8
604 5
606 8
613 2
618 5
619 1
628 3
629 2
632 2
638 5
639 9
641 8
642 0
645 5
650 6
654 5
659 2
674 5
680 6
684 7
688 6
690 2
691 8
699 3
703 7
707 4
711 5
713 0
714 8
715 2
717 0
720 5
723 0
728 2
732 6
736 4
737 6
738 2
740 4
751 5
760 4
761 8
766 5
776 4
780 3
781 8
784 4
789 4
791 5
800 8
802 4
812 5
828 2
829 4
830 2
834 6
839 8
841 7
844 8
849 3
863 2
864 8
866 5
870 6
877 8
878 8
879 8
885 6
895 0
896 0
898 7
901 4
906 9
909 7
919 2
930 7
931 4
934 5
938 3
939 2
944 3
946 7
947 8
950 7
951 5
955 5
956 1
958 3
965 6
969 4
975 2
982 3
995 2
998 8
1003 5
1014 6
1017 6
1020 3
1021 7
1022 5
1026 8
1029 8
1031 2
1033 8
1039 7
1044 6
1051 4
1055 7
1062 3
1072 3
1074 8
1082 5
1092 3
1093 8
1099 6
1101 8
1102 5
1107 9
1112 4
1119 7
1125 8
1128 3
1131 5
1143 7
1144 5
1146 5
1147 4
1152 9
1153 6
1155 2
1157 4
1161 6
1170 8
1176 0
1178 4
1181 6
1182 6
1187 2
1191 0
1194 7
1196 6
1198 8
1201 1
1204 3
1209 6
1211 1
1219 8
1226 7
1234 8
1239 3
1241 7
1243 5
1247 9
1248 8
1249 8
1256 2
1260 7
1266 6
1270 4
1273 0
1281 5
1283 7
1285 5
1289 5
1296 6
1299 5
1310 3
1311 9
1319 8
1325 8
1326 7
1331 5
1337 2
1352 2
1355 7
1357 4
1364 8
1366 7
1367 3
1374 2
1384 3
1386 7
1388 6
1391 4
1394 8
1395 2
1402 2
1409 2
1410 2
1412 2
1414 9
1415 8
1425 8
1431 2
1436 6
1441 8
1444 6
1447 5
1453 4
1465 4
1466 5
1467 5
1468 0
1476 5
1490 3
1500 7
1502 8
1509 4
1514 2
1520 7
1522 7
1525 5
1529 4
1530 8
1534 0
1543 7
1546 2
1551 2
1553 9
1554 9
1556 8
1559 9
1562 8
1568 8
1569 6
1571 4
1579 6
1587 6
1595 7
1601 3
1611 3
1613 8
1614 4
1616 6
1626 6
1627 9
1637 5
1641 5
1648 9
1656 2
1660 7
1664 8
1669 8
1671 7
1676 6
1678 2
1681 3
1682 2
1686 8
1695 9
1700 0
1701 4
1702 8
1709 9
1717 8
1718 7
1727 3
1732 9
1737 5
1740 8
1743 9
1747 5
1748 0
1750 7
1754 7
1758 8
1759 8
1767 4
1768 0
1769 3
1772 7
1774 8
1782 8
1785 1
1790 2
1792 7
1798 3
1800 6
1808 0
1814 7
1819 6
1822 6
1839 2
1847 5
1850 8
1853 9
1856 3
1859 8
1865 4
1871 2
1880 6
1882 8
1886 6
1896 5
1899 8
1901 9
1903 7
1904 9
1909 1
1910 5
1914 8
1915 2
1916 6
1931 5
1933 7
1937 6
1938 4
1940 5
1946 8
1952 9
1970 5
1973 8
1984 2
1992 9
2004 8
2011 3
2016 7
2018 1
2025 3
2028 7
2033 0
2035 5
2044 2
2056 8
2058 2
2063 7
2066 6
2080 3
2082 2
2093 8
2095 7
2098 2
2099 8
2102 8
2107 8
2108 2
2109 3
2110 2
2114 5
2116 6
2118 6
2125 5
2126 2
2129 9
2130 4
2135 6
2138 2
2144 6
2145 4
2151 3
2152 8
2162 5
2163 8
2177 8
2179 8
2182 1
2186 2
2189 9
2197 4
2199 6
2213 8
2215 6
2222 3
2224 5
2229 3
2232 9
2253 2
2260 2
2266 1
2272 8
2282 5
2291 5
2292 9
2293 9
2298 8
2299 2
2300 3
2308 3
2311 2
2312 3
2313 9
2319 4
2322 5
2325 7
2331 6
2338 4
2351 3
2352 6
2358 1
2371 4
2374 2
2375 4
2377 7
2380 9
2381 8
2382 8
2387 9
2394 4
2395 8
2406 9
2414 9
2419 8
2422 6
2423 8
2426 9
2427 3
2430 8
2440 4
2445 5
2447 4
2452 5
2454 6
2459 2
2460 5
2462 2
2463 7
2467 8
2474 7
2479 0
2480 7
2481 2
2484 7
2488 2
2492 0
2496 2
2502 3
2513 7
2514 4
2515 5
2526 5
2528 9
2532 6
2539 7
2542 6
2545 5
2547 7
2550 8
2551 3
2556 5
2571 0
2573 5
2577 7
2578 7
2582 9
2586 5
2589 9
2598 8
2607 7
2609 6
2610 2
2628 7
2635 2
2636 8
2648 9
2649 0
2651 6
2654 6
2668 5
2680 4
2686 5
2687 0
2689 5
2699 2
2701 4
2713 0
2718 6
2721 6
2724 8
2726 2
2728 6
2730 7
2737 6
2743 5
2750 6
2751 6
2758 8
2760 9
2766 6
2770 3
2778 4
2780 2
2791 6
2797 5
2802 2
2810 5
2811 0
2814 5
2817 0
2820 7
2828 4
2832 5
2834 8
2836 4
2846 6
2850 5
2860 6
2862 8
2869 8
2883 9
2894 0
2896 8
2900 4
2907 4
2909 5
2913 5
2915 7
2919 5
2924 3
2927 3
2929 9
2932 0
2938 4
2939 9
2951 5
2953 3
2956 5
2959 2
2964 9
2972 0
2979 9
2986 5
2987 5
2989 3
2995 6
3005 9
3011 7
3012 8
3024 4
3029 4
3030 6
3033 6
3037 2
3055 7
3056 9
3061 7
3062 8
3064 8
3073 1
3078 3
3091 8
3096 4
3108 3
3109 7
3114 4
3115 5
3119 5
3122 7
3130 6
3136 7
3138 3
3139 8
3155 4
3157 5
3158 8
3166 7
3176 2
3181 6
3183 5
3186 8
3189 7
3193 3
3206 8
3207 2
3218 6
3225 7
3229 2
3234 4
3240 9
3243 0
3245 8
3246 8
3251 0
3252 6
3254 6
3256 2
3261 3
3262 7
3263 8
3270 6
3273 6
3277 7
3279 8
3285 3
3288 4
3295 5
3300 3
3302 6
3316 7
3321 5
3324 8
3329 7
3330 2
3333 7
3342 6
3344 6
3350 6
3352 7
3361 7
3364 8
3365 6
3369 9
3373 7
3381 3
3384 2
3388 4
3389 8
3402 6
3405 4
3408 5
3411 9
3412 0
3422 6
3429 4
3436 2
3440 8
3442 6
3448 3
3460 9
3468 5
3474 2
3475 3
3489 2
3490 4
3492 8
3503 9
3506 5
3509 8
3511 2
3517 4
3519 8
3520 6
3521 8
3522 2
3525 7
3529 9
3534 4
3542 4
3547 2
3550 6
3551 4
3555 8
3557 6
3558 5
3559 8
3563 8
3564 6
3567 8
3569 5
3573 7
3574 0
3575 7
3590 5
3597 9
3599 2
3611 2
3613 0
3618 9
3623 5
3629 8
3636 5
3655 2
3656 7
3662 8
3663 5
3670 3
3672 4
3681 2
3695 0
3697 6
3702 5
3704 8
3708 8
3713 7
3716 9
3718 4
3729 2
3736 7
3738 3
3744 6
3748 6
3749 6
3751 7
3754 5
3756 5
3757 8
3758 4
3762 6
3764 0
3766 3
3767 7
3769 3
3773 2
3776 5
3778 5
3780 4
3781 8
3788 5
3794 8
3796 2
3800 6
3801 6
3806 5
3808 7
3810 5
3811 2
3816 8
3817 2
3818 0
3820 9
3821 9
3828 4
3836 7
3837 5
3846 6
3848 7
3850 9
3853 6
3862 2
3871 8
3876 2
3885 9
3887 8
3902 5
3906 1
3908 6
3926 9
3946 2
3948 6
3951 8
3957 5
3961 6
3967 9
3970 9
3976 7
3978 6
3985 9
3986 2
3987 8
4007 7
4012 4
4018 3
4030 9
4041 8
4045 6
4052 5
4053 7
4058 8
4059 5
4063 6
4065 0
4068 8
4075 8
4078 9
4093 9
4098 2
4113 2
4116 8
4117 8
4123 8
4124 8
4129 9
4133 2
4139 6
4140 8
4145 8
4154 9
4163 9
4165 8
4167 2
4173 2
4176 2
4187 2
4193 6
4201 1
4205 2
4211 6
4215 7
4223 4
4224 9
4225 7
4238 7
4248 2
4254 5
4255 5
4256 3
4260 2
4270 3
4271 5
4272 9
4277 3
4284 9
4285 6
4289 2
4294 9
4300 5
4306 3
4314 9
4315 5
4335 3
4341 2
4344 9
4350 2
4355 5
4359 5
4360 5
4368 5
4369 9
4374 5
4380 8
4381 5
4382 4
4384 2
4390 8
4395 6
4399 8
4400 7
4413 6
4415 2
4421 4
4422 5
4423 7
4427 2
4433 7
4437 3
4438 4
4449 6
4455 8
4461 5
4463 5
4465 4
4479 9
4483 4
4489 9
4492 3
4497 8
4498 7
4500 9
4511 9
4518 8
4521 2
4523 8
4528 3
4541 3
4546 2
4547 6
4571 6
4575 4
4601 8
4604 0
4614 0
4619 6
4620 6
4626 8
4630 3
4633 9
4635 3
4639 8
4640 8
4647 3
4654 7
4656 2
4657 3
4660 7
4671 8
4677 7
4679 9
4681 9
4689 5
4690 7
4692 9
4699 6
4702 6
4716 2
4724 8
4731 8
4739 0
4740 3
4742 7
4743 8
4744 8
4750 8
4751 4
4755 3
4761 9
4762 5
4763 5
4766 5
4783 4
4785 3
4791 4
4798 6
4802 3
4804 0
4807 8
4814 6
4815 7
4816 2
4817 8
4822 8
4823 9
4828 5
4834 0
4837 7
4838 6
4841 3
4852 8
4860 4
4861 7
4862 0
4873 3
4874 9
4876 2
4878 2
4880 0
4885 3
4886 7
4902 5
4910 9
4923 0
4929 4
4943 2
4950 2
4956 8
4966 7
4968 9
4979 5
4980 6
4982 8
4990 3
4997 2
5001 9
5015 9
5020 5
5026 9
5046 3
5062 3
5063 4
5067 3
5078 3
5088 6
5121 7
5127 2
5142 8
5155 0
5165 0
5191 4
5209 8
5212 3
5213 6
5220 9
5224 3
5228 6
5237 3
5243 0
5246 7
5251 0
5260 4
5265 6
5270 0
5273 3
5278 8
5288 8
5298 8
5311 9
5324 7
5331 1
5333 9
5339 5
5364 5
5380 8
5395 4
5397 5
5418 3
5420 5
5432 5
5433 8
5434 8
5457 1
5497 6
5522 8
5523 9
5525 4
5530 8
5539 6
5547 8
5548 8
5556 4
5561 4
5564 4
5570 5
5577 4
5578 8
5586 8
5593 0
5596 3
5605 2
5615 2
5623 3
5626 2
5634 2
5642 1
5643 2
5648 8
5653 0
5655 7
5674 3
5677 4
5678 8
5680 8
5691 4
5701 8
5708 3
5718 0
5724 3
5726 5
5734 3
5735 5
5737 0
5745 7
5749 8
5752 5
5754 9
5756 0
5757 9
5771 8
5779 5
5802 5
5821 5
5823 2
5824 3
5825 4
5832 4
5833 5
5835 7
5836 8
5838 0
5841 3
5842 4
5851 4
5857 8
5876 8
5878 3
5881 8
5882 3
5887 7
5888 4
5890 0
5906 7
5910 5
5911 8
5912 3
5913 5
5918 0
5922 5
5923 4
5926 4
5927 4
5936 4
5937 5
5940 8
5950 8
5955 3
5956 4
5957 5
5961 9
5963 6
5972 5
5973 3
5981 5
5982 5
5983 2
5985 5
5992 7
5996 9
5997 5
6004 8
6013 4
6025 4
6026 7
6027 2
6028 5
6030 3
6035 2
6042 5
6043 5
6053 5
6056 8
6065 3
6067 5
6081 9
6084 2
6085 3
6090 8
6091 9
6093 2
6109 2
6111 2
6112 9
6124 9
6126 9
6139 3
6150 8
6153 8
6154 8
6157 9
6161 8
6166 9
6168 9
6172 9
6173 9
6174 3
6196 5
6215 5
6219 8
6227 5
6235 9
6237 6
6238 8
6257 5
6262 8
6273 4
6291 5
6294 6
6297 8
6302 9
6305 2
6347 8
6358 8
6385 5
6386 5
6390 5
6392 5
6393 9
6399 6
6400 0
6402 6
6405 5
6410 8
6416 9
6425 6
6452 7
6460 4
6495 8
6505 9
6517 3
6523 8
6532 0
6558 6
6564 3
6565 9
6568 9
6576 7
6577 7
6578 8
6590 0
6595 8
6597 0
6598 5
6599 7
6603 8
6614 2
6615 6
6625 8
6641 8
6642 9
6643 0
6645 2
6650 9
6651 0
6662 7
6667 6
6668 6
6669 6
6677 2
6691 6
6700 4
6703 2
6704 3
6706 5
6713 2
6715 4
6721 2
6725 8
6728 5
6732 2
6742 4
6746 5
6755 8
6761 4
6762 7
6768 7
6769 4
6777 6
6784 9
6785 2
6797 2
6801 3
6807 9
6816 8
6847 6
6851 8
6864 8
6895 9
6906 2
6912 2
6919 9
6926 6
6939 2
6942 5
6945 8
6977 5
7001 2
7002 2
7010 3
7016 8
7035 8
7054 2
7117 3
7119 3
7121 8
7131 3
7132 9
7135 2
7147 2
7161 0
7163 2
7164 8
7170 3
7190 0
7204 7
7207 3
7211 3
7212 2
7216 0
7220 8
7229 2
7233 3
7235 2
7242 9
7244 8
7245 2
7248 3
7249 2
7254 9
7258 6
7259 8
7277 8
7304 5
7306 5
7313 8
7315 5
7330 0
7333 3
7338 4
7350 3
7352 5
7363 0
7365 3
7370 8
7371 8
7372 5
7383 8
7393 5
7397 5
7401 3
7404 6
7407 3
7427 6
7430 5
7432 7
7433 8
7434 4
7436 3
7438 6
7439 7
7441 6
7443 6
7444 8
7446 0
7457 2
7459 9
7476 3
7492 2
7498 5
7502 8
7503 6
7504 7
7511 5
7514 8
7518 2
7519 3
7523 7
7524 8
7527 1
7533 7
7545 8
7548 6
7552 8
7553 8
7568 3
7569 8
7574 4
7579 9
7588 9
7597 8
7603 8
7619 2
7620 3
7627 2
7628 3
7637 2
7656 3
7672 5
7673 5
7676 5
7683 2
7692 3
7713 8
7715 5
7718 8
7720 8
7733 6
7736 9
7743 6
7746 9
7769 9
7776 8
7784 1
7797 5
7803 8
7812 1
7814 8
7823 8
7838 0
7842 5
7849 3
7851 6
7854 9
7856 1
7858 3
7859 5
7860 6
7867 9
7874 9
7875 3
7877 7
7884 9
7887 0
7888 5
7892 9
7895 9
7897 6
7898 0
7899 1
7902 7
7903 7
7904 6
7912 7
7913 0
7914 6
7915 7
7918 5
7920 1
7921 8
7925 6
7927 7
7930 2
7931 9
7935 2
7936 3
7951 8
7971 8
7978 7
8008 7
8019 2
8023 0
8029 0
8034 5
8037 8
8043 7
8053 9
8061 4
8063 6
8064 7
8072 5
8081 4
8082 5
8091 2
8092 4
8095 4
8097 8
8102 2
8103 6
8104 6
8107 4
8110 7
8112 2
8115 3
8119 2
8120 3
8144 7
8160 5
8165 2
8180 5
8182 9
8183 8
8184 9
8185 5
8194 0
8198 2
8212 0
8217 8
8239 1
8250 9
8255 4
8259 9
8262 2
8272 3
8279 8
8281 6
8287 6
8292 2
8297 8
8309 4
8310 2
8318 2
8325 0
8326 6
8332 9
8339 8
8366 5
8371 9
8375 7
8389 0
8397 3
8408 8
8416 4
8419 3
8435 3
8447 5
8453 5
8456 8
8457 9
8472 4
8477 9
8486 8
8497 7
8498 2
8502 5
8508 3
8510 7
8515 6
8517 6
8519 7
8520 4
8522 8
8525 7
8527 4
8530 8
8539 5
8541 7
8544 2
8546 6
8547 8
8553 5
8563 5
8565 7
8584 2
8588 6
8597 3
8601 5
8610 4
8630 5
8639 2
8679 8
8683 2
8693 2
8722 8
8756 8
8778 8
8787 8
8788 5
8839 9
8889 2
8923 2
8933 9
8943 2
8944 6
8954 4
8961 4
8963 8
8975 3
8981 3
8999 0
9007 3
9008 4
9009 7
9010 2
9015 7
9019 7
9022 3
9024 7
9027 3
9028 9
9045 7
9046 2
9054 9
9073 3
9075 5
9081 1
9085 5
9088 8
9107 8
9123 2
9130 6
9155 1
9157 3
9161 8
9163 3
9194 5
9197 8
9203 4
9210 6
9225 2
9227 3
9237 8
9245 9
9271 8
9280 8
9296 0
9303 2
9309 2
9316 8
9321 8
9326 8
9330 8
9364 6
9366 6
9371 4
9380 3
9385 8
9396 0
9410 8
9416 9
9417 2
9421 2
9425 0
9426 6
9427 5
9433 8
9446 2
9477 2
9478 5
9479 3
9493 5
9496 8
9501 3
9508 0
9511 3
9517 9
9536 3
9538 4
9544 9
9553 9
9554 9
9556 1
9557 8
9578 2
9594 1
9596 8
9607 6
9617 6
9622 1
9624 3
9632 6
9634 0
9638 9
9639 4
9640 7
9645 1
9654 3
9655 3
9656 3
9662 3
9666 0
9670 3
9672 4
9679 6
9680 3
9681 8
9687 0
9688 0
9691 8
9693 6
9696 2
9697 3
9698 6
9700 2
9703 2
9706 2
9714 0
9716 2
9717 3
9719 5
9729 5
9735 4
9739 0
9741 9
9742 3
9744 8
9747 5
9749 5
9751 2
9752 2
9757 0
9768 2
9769 9
9770 5
9779 2
9792 4
9793 6
9808 9
9817 8
9826 0
9831 5
9850 0
9879 0
9890 9
9892 8
9904 2
9905 3
9913 2
9915 4
9920 8
9921 6
9922 4
9925 3
9934 8
9940 6
9944 3
9947 4
9954 2
9970 5
9975 3
9976 6
9980 2
9982 5
9986 3
9991 8
9993 0
