15 9
18 5
75 9
89 0
97 3
147 0
157 3
238 6
257 2
324 2
344 5
355 5
360 3
393 3
431 7
449 3
478 0
516 9
517 9
520 5
570 4
583 4
600 5
622 9
674 9
780 3
844 7
877 3
896 5
902 5
968 5
990 7
999 7
1044 3
1077 3
1093 9
1110 6
1151 1
1270 5
1297 0
1304 0
1371 0
1450 2
1463 9
1546 3
1559 5
1619 3
1695 8
1738 1
1748 8
1752 5
1777 3
1782 4
1783 9
1796 8
1816 9
1852 8
1884 0
1975 1
1983 5
2000 5
2119 6
2122 5
2147 5
2182 0
2283 9
2317 7
2324 3
2343 8
2345 9
2352 5
2395 2
2416 0
2418 3
2454 5
2474 2
2515 9
2547 8
2604 3
2627 3
2671 3
2774 9
2786 8
2802 7
2808 8
2873 5
2964 1
2968 6
2969 9
2971 1
3009 3
3014 3
3026 0
3041 0
3095 2
3147 3
3162 4
3192 2
3238 9
3247 9
3267 6
3316 9
3337 3
3345 9
3384 8
3413 4
3422 7
3424 0
3434 1
3449 5
3476 5
3477 9
3562 9
3565 5
3567 6
3571 8
3595 3
3659 7
3666 6
3671 5
3690 9
3801 3
3803 4
3819 7
3858 8
3929 9
3930 5
3932 9
3944 4
3952 6
3953 9
3992 8
4044 9
4065 6
4106 3
4119 0
4223 2
4253 3
4264 8
4287 9
4300 2
4347 9
4360 9
4386 5
4428 3
4449 8
4494 2
4512 7
4527 9
4571 8
4630 5
4635 7
4639 0
4696 7
4697 8
4709 5
4743 9
4751 8
4792 7
4824 7
4855 5
4862 9
4951 8
4953 3
5038 2
5073 1
5090 9
5107 5
5157 1
5180 2
5228 9
5274 2
5311 0
5324 4
5389 9
5444 9
5452 3
5476 5
5547 2
5589 8
5595 0
5641 0
5646 8
5690 7
5731 5
5739 5
5851 9
5865 2
5889 5
5958 9
6017 2
6062 8
6122 8
6128 0
6129 0
6147 0
6156 2
6165 5
6198 3
6216 3
6226 3
6236 3
6307 4
6311 0
6390 8
6431 7
6442 3
6462 1
6496 5
6594 3
6622 8
6632 2
6638 8
6657 9
6706 8
6707 3
6754 9
6768 8
6800 5
6860 2
6873 8
6876 0
6919 9
6945 2
7053 6
7075 8
7265 3
7268 8
7277 7
7293 3
7311 6
7373 9
7376 2
7391 0
7420 2
7430 4
7468 5
7636 0
7675 1
7686 0
7694 5
7699 8
7726 5
7753 0
7758 4
7772 6
7832 7
7854 5
7975 6
7982 8
8034 5
8083 0
8091 4
8100 8
8256 7
8284 3
8286 0
8292 7
8294 3
8323 1
