11 1
13 1
14 1
17 0
24 0
36 1
37 1
38 1
39 0
43 1
49 1
68 0
70 0
74 1
78 0
85 0
86 0
87 1
88 1
91 0
92 0
95 1
99 1
101 0
105 0
107 1
108 1
110 1
116 1
117 1
118 0
124 1
127 0
131 1
134 1
135 1
136 1
141 1
142 1
146 1
153 0
166 1
171 1
175 0
176 1
183 0
185 1
188 0
189 0
190 1
193 0
196 1
202 0
204 1
207 0
209 1
215 0
230 0
233 1
235 0
238 0
239 0
253 1
258 1
260 1
270 1
271 1
272 0
277 0
281 0
284 1
285 1
287 1
289 0
299 1
302 0
305 0
307 0
310 0
314 0
321 0
322 1
325 0
327 1
328 0
329 0
333 1
335 1
336 1
339 1
341 1
343 1
344 0
346 1
347 1
350 0
358 1
359 0
361 0
367 0
376 1
380 0
381 0
383 0
384 0
389 1
392 0
394 0
403 0
404 0
406 1
414 0
416 1
420 1
422 1
423 0
426 0
429 1
430 1
438 1
441 1
442 1
447 0
449 0
450 0
451 1
462 1
470 1
471 1
473 0
476 0
483 1
485 1
494 0
495 0
499 1
502 1
503 1
504 1
509 0
513 1
517 1
520 1
525 1
529 1
532 0
534 1
542 1
548 0
553 0
554 0
560 1
562 1
578 1
580 1
584 0
588 0
589 0
593 0
594 1
604 1
605 1
610 0
613 0
630 1
634 0
641 0
644 0
646 1
650 1
655 1
656 0
658 0
666 0
670 1
672 0
674 1
675 1
676 1
677 1
689 1
690 1
700 0
709 0
712 1
713 1
714 0
726 1
728 1
729 1
737 1
738 0
742 1
745 0
749 0
750 0
759 1
760 1
770 1
774 1
777 1
778 0
783 0
784 1
791 0
793 0
796 1
797 1
799 0
801 0
810 1
813 0
815 0
817 0
819 1
820 1
821 1
824 0
831 1
833 1
840 1
843 1
846 1
852 1
853 1
858 1
859 1
864 1
870 0
871 0
874 1
881 1
889 1
896 0
897 0
903 1
905 1
910 0
912 1
918 0
920 1
921 0
933 1
935 1
938 0
940 1
944 1
953 0
955 1
956 0
962 0
963 0
964 1
969 0
970 1
971 1
973 0
975 1
976 1
983 0
993 1
995 0
999 1
1001 1
1003 0
1004 1
1008 0
1009 1
1016 1
1018 1
1028 1
1034 1
1035 1
1037 1
1040 0
1041 0
1043 1
1048 1
1050 1
1051 1
1053 1
1055 1
1063 1
1069 1
1077 1
1084 1
1089 1
1092 1
1094 0
1096 1
1097 1
1100 0
1103 1
1104 0
1108 1
1109 1
1110 1
1113 0
1114 1
1115 1
1127 0
1130 0
1132 0
1133 0
1135 1
1136 0
1138 1
1139 1
1146 1
1147 1
1151 1
1152 1
1155 0
1168 0
1169 0
1172 0
1180 1
1182 0
1185 0
1186 0
1188 1
1190 0
1194 1
1195 1
1196 0
1200 1
1205 1
1212 1
1215 1
1220 0
1231 1
1237 1
1241 1
1243 0
1249 1
1250 1
1254 1
1257 0
1258 0
1263 1
1265 1
1268 0
1269 1
1272 0
1274 1
1276 1
1277 1
1283 1
1285 0
1293 1
1294 1
1296 0
1300 0
1303 1
1307 0
1311 1
1312 1
1313 1
1314 0
1320 1
1323 1
1330 1
1339 0
1342 1
1348 0
1367 1
1373 0
1377 1
1382 0
1383 0
1389 1
1391 0
1393 1
1394 0
1400 0
1407 1
1408 1
1410 1
1411 0
1415 0
1422 1
1423 1
1424 0
1425 1
1430 1
1434 1
1440 1
1444 1
1447 1
1448 1
1457 0
1480 1
1481 0
1488 0
1489 0
1492 1
1495 1
1505 0
1507 0
1509 1
1515 0
1516 1
1520 1
1523 1
1525 1
1526 1
1527 0
1528 0
1533 1
1535 1
1537 1
1538 0
1543 0
1552 0
1553 0
1564 1
1566 0
1570 1
1571 1
1572 1
1573 1
1580 1
1586 1
1600 1
1601 1
1605 0
1606 1
1607 1
1618 1
1621 0
1626 0
1632 0
1640 0
1643 1
1651 1
1658 1
1664 1
1668 0
1670 1
1673 1
1675 1
1677 0
1681 0
1684 0
1694 1
1697 0
1700 1
1701 0
1705 1
1706 0
1709 1
1710 0
1713 1
1719 1
1721 0
1722 1
1725 1
1733 0
1735 1
1739 1
1741 1
1747 0
1750 0
1751 0
1754 1
1759 0
1760 1
1774 1
1775 1
1785 1
1786 0
1787 0
1788 1
1791 0
1794 0
1795 0
1797 1
1799 0
1801 0
1805 0
1806 1
1810 0
1811 1
1812 0
1816 0
1832 1
1833 1
1835 0
1839 0
1841 1
1842 1
1845 1
1851 1
1852 0
1859 1
1860 1
1867 1
1868 0
1870 1
1876 0
1880 1
1883 1
1885 1
1888 1
1897 1
1900 1
1907 1
1909 0
1914 0
1915 1
1919 1
1921 0
1925 1
1926 1
1929 0
1930 0
1939 1
1942 0
1952 0
1953 1
1956 0
1964 1
1966 1
1967 1
1971 1
1974 0
1978 0
1982 1
1984 1
1986 0
1992 1
1997 1
1999 1
2005 1
2006 1
2008 0
2009 1
2011 1
2012 1
2013 1
2019 0
2031 1
2036 1
2043 0
2045 1
2048 0
2056 1
2058 0
2066 0
2067 0
2070 0
2073 1
2074 0
2075 1
2079 1
2080 1
2087 1
2091 1
2095 0
2096 0
2097 0
2099 0
2102 1
2104 0
2110 1
2113 1
2115 0
2121 1
2128 1
2134 0
2137 0
2138 1
2141 1
2142 0
2145 1
2151 0
2152 0
2156 1
2157 0
2173 0
2184 1
2185 0
2190 1
2204 1
2206 1
2210 1
2217 1
2223 0
2228 1
2231 1
2233 1
2236 1
2240 0
2242 1
2254 1
2265 0
2266 0
2268 0
2270 0
2286 0
2287 0
2289 1
2294 0
2296 1
2302 0
2305 1
2319 0
2322 1
2324 1
2328 1
2332 0
2334 0
2336 1
2337 0
2340 1
2343 1
2351 0
2355 0
2357 1
2359 1
2360 1
2362 1
2364 0
2380 1
2384 0
2385 1
2387 1
2396 0
2397 1
2407 0
2409 1
2420 0
2421 1
2422 0
2426 0
2435 0
2437 0
2439 0
2440 0
2450 0
2457 0
2463 1
2467 0
2469 0
2474 0
2478 1
2479 1
2483 1
2489 1
2492 0
2496 0
2499 0
2500 0
2512 1
2514 1
2519 0
2520 0
2547 1
2552 0
2553 1
2558 0
2564 1
2567 1
2574 1
2575 0
2576 0
2579 1
2582 1
2583 1
2590 1
2592 0
2594 1
2595 1
2599 0
2601 0
2603 1
2609 1
2610 1
2611 1
2612 1
2614 0
2622 0
2627 0
2633 0
2637 1
2639 0
2650 1
2652 0
2653 0
2659 1
2679 1
2686 0
2689 0
2690 1
2691 1
2692 0
2696 0
2706 1
2709 1
2710 1
2718 0
2720 1
2723 1
2727 1
2732 1
2735 0
2736 1
2742 1
2753 1
2755 0
2756 1
2759 0
2760 0
2762 0
2764 1
2765 1
2770 1
2771 1
2773 0
2775 0
2776 0
2780 1
2783 1
2795 1
2797 0
2800 0
2801 0
2802 1
2804 1
2807 1
2812 1
2813 1
2814 1
2818 1
2822 0
2823 1
2831 0
2835 0
2840 1
2846 1
2852 1
2853 1
2856 0
2857 0
2860 0
2862 0
2867 1
2875 0
2876 0
2877 1
2878 1
2879 1
2890 0
2896 1
2901 1
2908 0
2909 1
2922 1
2926 1
2930 0
2933 1
2934 1
2938 0
2939 0
2940 1
2942 1
2945 1
2946 1
2949 1
2950 0
2953 0
2959 1
2963 0
2966 1
2969 0
2972 1
2974 1
2985 1
3005 1
3006 0
3007 1
3012 1
3016 1
3017 1
3021 1
3023 1
3026 1
3031 0
3051 1
3053 1
3056 0
3057 1
3058 1
3059 1
3060 0
3061 1
3064 1
3065 1
3080 1
3086 1
3087 0
3088 1
3097 0
3098 1
3101 0
3109 1
3111 0
3112 0
3115 0
3119 1
3127 1
3128 1
3134 0
3135 1
3143 1
3147 1
3151 1
3152 0
3153 1
3154 1
3156 0
3157 0
3160 1
3163 1
3176 1
3181 1
3182 1
3183 1
3185 0
3188 1
3189 0
3197 0
3207 0
3213 0
3221 0
3223 0
3226 1
3229 1
3237 1
3238 1
3240 1
3241 1
3243 0
3246 1
3249 0
3251 0
3255 1
3259 1
3262 0
3265 0
3283 1
3288 0
3298 1
3299 0
3304 0
3309 1
3310 1
3319 1
3320 1
3322 0
3324 0
3327 0
3331 0
3332 0
3334 1
3339 0
3340 0
3342 0
3361 1
3363 1
3370 1
3382 1
3383 0
3386 1
3388 1
3390 0
3392 1
3396 0
3399 1
3403 1
3404 0
3415 1
3416 1
3417 0
3420 0
3423 0
3427 1
3431 1
3436 1
3443 1
3445 1
3449 0
3450 0
3451 1
3452 0
3453 1
3455 0
3459 1
3465 0
3466 1
3471 0
3473 1
3475 1
3478 1
3486 0
3491 1
3493 0
3497 1
3498 0
3499 0
3500 1
3502 0
3506 1
3517 1
3518 1
3521 1
3526 1
3528 1
3531 1
3535 0
3541 1
3547 0
3553 1
3554 0
3558 1
3560 0
3562 0
3564 0
3567 1
3569 1
3571 1
3580 1
3590 1
3594 0
3596 1
3598 0
3613 1
3615 0
3617 1
3618 1
3624 1
3625 1
3629 0
3632 1
3639 0
3640 1
3643 1
3653 1
3654 1
3658 0
3661 1
3665 1
3671 0
3679 0
3682 0
3683 0
3684 0
3704 1
3721 0
3724 1
3735 1
3738 1
3745 1
3746 1
3748 1
3749 1
3751 1
3752 1
3757 1
3760 0
3765 1
3767 0
3769 1
3772 1
3775 1
3781 1
3799 1
3800 0
3806 0
3811 0
3812 1
3813 0
3814 1
3824 1
3825 1
3834 0
3837 0
3839 1
3840 1
3844 1
3851 1
3854 0
3865 0
3871 1
3872 1
3875 1
3878 0
3881 1
3894 1
3898 1
3904 0
3907 0
3908 0
3910 1
3913 1
3917 1
3921 0
3924 0
3926 0
3934 0
3937 0
3940 0
3951 0
3953 1
3954 1
3955 1
3958 0
3960 1
3970 0
3987 1
3988 1
3989 1
3990 0
3999 1
4002 1
4007 1
4011 1
4016 1
4021 1
4027 1
4029 1
4032 1
4033 1
4036 0
4037 0
4041 0
4047 0
4048 0
4049 1
4055 0
4059 0
4063 1
4069 1
4071 1
4082 1
4083 1
4084 1
4089 0
4090 1
4091 0
4095 1
4096 0
4102 0
4109 0
4116 1
4120 1
4134 1
4139 0
4141 1
4145 1
4146 1
4152 1
4154 0
4155 1
4156 0
4158 0
4160 1
4167 1
4174 1
4177 0
4178 1
4181 1
4184 0
4190 1
4193 0
4198 1
4199 0
4200 1
4203 0
4206 1
4208 1
4211 1
4216 1
4222 1
4230 1
4231 1
4237 1
4240 1
4243 0
4248 1
4250 1
4251 0
4256 0
4261 1
4262 1
4264 1
4270 1
4273 1
4275 1
4283 0
4284 0
4285 1
4286 1
4291 0
4296 1
4297 0
4304 1
4305 1
4311 1
4317 1
4320 1
4321 0
4324 1
4326 0
4334 1
4338 0
4339 1
4340 0
4343 0
4344 1
4350 1
4354 1
4360 1
4362 1
4366 1
4368 1
4369 0
4370 1
4372 1
4375 1
4378 0
4380 0
4381 1
4384 1
4385 0
4386 0
4387 1
4390 1
4394 1
4395 1
4396 1
4397 0
4400 0
4401 0
4405 1
4410 1
4413 1
4415 1
4420 1
4424 1
4426 0
4432 1
4436 1
4443 0
4453 0
4463 0
4469 1
4471 1
4473 1
4475 1
4489 0
4490 0
4493 1
4499 1
4501 1
4503 0
4511 1
4512 0
4517 1
4525 1
4526 1
4527 0
4530 1
4535 1
4539 0
4542 1
4545 0
4547 0
4548 1
4558 1
4568 1
4576 1
4582 1
4585 0
4589 1
4594 1
4598 0
4600 1
4603 0
4610 1
4615 1
4623 1
4625 1
4632 1
4634 1
4640 0
4642 1
4644 1
4656 1
4662 0
4663 1
4666 0
4667 0
4681 0
4682 1
4685 1
4694 0
4696 1
4704 1
4708 1
4713 0
4714 1
4717 1
4724 1
4725 1
4726 1
4731 0
4735 0
4738 1
4739 1
4740 1
4744 0
4748 0
4749 1
4753 1
4759 1
4760 1
4767 0
4769 1
4771 1
4772 1
4774 1
4775 0
4783 0
4784 1
4789 1
4793 0
4795 0
4798 0
4808 1
4810 0
4811 1
4812 0
4818 0
4828 1
4834 0
4835 1
4838 0
4839 1
4840 1
4841 0
4842 1
4847 1
4857 0
4858 1
4864 1
4868 1
4871 0
4877 1
4879 1
4880 0
4885 0
4889 0
4894 1
4899 1
4903 0
4910 1
4911 1
4915 1
4918 0
4919 0
4920 1
4921 1
4922 0
4923 0
4929 0
4937 1
4938 1
4941 1
4945 0
4946 1
4950 1
4952 1
4961 0
4962 0
4966 1
4967 0
4970 1
4976 0
4980 1
4981 1
4990 0
4996 1
4998 0
5002 1
5003 0
5005 0
5008 0
5014 1
5023 0
5026 1
5030 1
5041 0
5043 0
5045 1
5046 1
5047 0
5050 0
5057 1
5065 1
5068 0
5071 1
5072 1
5074 1
5077 0
5080 1
5081 0
5087 1
5091 0
5092 0
5095 0
5097 1
5098 1
5113 0
5119 1
5129 1
5130 1
5131 1
5143 1
5144 1
5145 0
5149 0
5151 1
5152 0
5163 1
5164 1
5167 1
5168 1
5170 0
5173 1
5177 0
5179 1
5185 0
5188 1
5192 1
5198 0
5199 1
5201 1
5202 1
5215 0
5223 1
5224 0
5225 1
5227 1
5229 1
5234 1
5235 1
5239 1
5246 0
5251 1
5252 1
5257 1
5261 0
5262 1
5263 0
5269 1
5271 0
5273 1
5276 0
5277 0
5278 1
5280 1
5282 1
5284 0
5286 1
5290 0
5292 1
5299 1
5303 1
5313 1
5314 0
5316 1
5319 1
5321 0
5323 1
5328 1
5331 0
5334 1
5337 1
5344 0
5345 1
5350 1
5357 0
5358 0
5361 1
5364 1
5368 0
5370 1
5375 1
5383 0
5384 0
5389 1
5391 1
5392 1
5394 0
5395 0
5397 1
5408 1
5417 0
5421 1
5435 0
5439 0
5441 0
5446 1
5450 0
5453 1
5456 1
5463 0
5464 1
5467 0
5474 0
5485 1
5488 0
5489 1
5497 1
5499 0
5500 0
5504 0
5511 1
5520 1
5522 1
5534 0
5535 1
5537 1
5539 1
5550 1
5552 0
5555 1
5561 1
5564 1
5568 1
5579 1
5583 1
5586 1
5587 0
5591 0
5592 1
5598 1
5601 1
5606 1
5608 1
5609 1
5613 1
5624 1
5625 0
5635 0
5639 0
5648 1
5649 0
5650 0
5654 1
5656 0
5659 1
5660 0
5663 1
5671 1
5673 1
5674 0
5684 1
5691 0
5694 1
5695 1
5701 1
5702 0
5704 1
5716 0
5719 1
5720 0
5721 1
5722 1
5723 1
5724 1
5730 1
5736 0
5737 1
5739 1
5740 0
5755 0
5766 1
5777 1
5778 1
5784 0
5785 1
5788 1
5789 0
5792 1
5794 1
5795 1
5797 0
5800 1
5810 0
5817 1
5824 1
5829 0
5833 0
5835 1
5842 1
5843 1
5847 1
5858 1
5860 1
5867 1
5878 0
5879 1
5880 1
5881 1
5889 1
5896 1
5899 0
5901 0
5907 0
5908 1
5910 1
5917 0
5919 0
5923 0
5928 0
5929 1
5930 1
5932 0
5936 1
5937 0
5938 1
5944 1
5946 0
5954 0
5957 1
5961 1
5967 0
5972 1
5976 1
