8 8
18 5
75 9
89 0
125 7
157 3
169 8
355 5
478 0
483 2
517 9
518 8
520 5
674 9
782 8
858 3
863 0
877 3
896 5
902 5
1044 3
1077 3
1093 9
1110 6
1147 2
1297 0
1389 3
1463 9
1489 2
1494 2
1516 3
1559 5
1695 8
1738 1
1748 8
1752 5
1777 3
1796 8
1852 8
1914 5
1975 1
2110 6
2147 5
2283 9
2324 3
2345 9
2418 3
2454 5
2474 2
2480 6
2515 9
2606 3
2627 3
2636 8
2774 9
2808 8
2873 5
2969 9
3095 2
3162 4
3230 4
3239 6
3267 6
3316 9
3384 8
3413 4
3422 7
3424 0
3449 5
3476 5
3477 9
3562 9
3659 7
3666 6
3671 5
3801 3
3826 2
3858 8
3929 9
3930 5
3953 9
3992 8
4034 6
4065 6
4106 3
4223 2
4246 3
4287 9
4300 2
4347 9
4360 9
4377 2
4386 5
4408 3
4494 2
4512 7
4571 8
4577 3
4620 4
4639 0
4665 0
4671 2
4696 7
4697 8
4709 5
4751 8
4792 7
4824 7
4862 9
4937 5
5073 1
5105 3
5180 2
5228 9
5256 7
5274 2
5311 0
5324 4
5327 9
5452 3
5476 5
5547 2
5589 8
5595 0
5625 3
5641 0
5690 7
5731 5
5773 5
5903 4
5935 8
5958 9
6156 2
6201 8
6226 3
6264 5
6295 6
6307 4
6390 8
6431 7
6462 1
6496 5
6622 8
6638 8
6657 9
6707 3
6754 9
6768 8
6860 2
6873 8
6876 0
6919 9
6938 6
6945 2
6998 6
7053 6
7183 0
7256 8
7268 8
7277 7
7323 3
7373 9
7376 2
7391 0
7420 2
7430 4
7572 5
7675 1
7686 0
7694 5
7832 7
7854 5
7892 3
7900 7
7942 3
7982 8
8034 5
8038 4
8083 0
8091 4
8100 8
8153 9
8256 7
8284 3
8292 7
