8 8
75 9
89 0
125 7
147 0
157 3
355 5
449 3
478 0
483 2
516 9
517 9
518 8
520 5
674 9
877 3
896 5
999 7
1044 3
1093 9
1110 6
1151 1
1297 0
1304 0
1371 0
1463 9
1494 2
1559 5
1667 5
1675 7
1748 8
1752 5
1777 3
1796 8
1816 9
1914 5
1915 4
1942 3
1943 3
1975 1
2110 6
2139 4
2182 0
2292 9
2324 3
2358 4
2395 2
2418 3
2627 3
2636 8
2808 8
2873 5
2964 1
2968 6
2969 9
2976 4
3009 3
3095 2
3162 4
3238 9
3239 6
3242 0
3247 9
3316 9
3337 3
3384 8
3413 4
3422 7
3424 0
3449 5
3477 9
3562 9
3565 5
3571 8
3659 7
3671 5
3674 4
3684 8
3690 9
3801 3
3803 4
3826 2
3844 8
3858 8
3929 9
3930 5
3932 9
3944 4
4065 6
4119 0
4190 2
4223 2
4264 8
4287 9
4300 2
4347 9
4386 5
4494 2
4512 7
4571 8
4597 4
4620 4
4635 7
4639 0
4648 5
4697 8
4709 5
4743 9
4751 8
4792 7
4862 9
4951 8
5090 9
5107 5
5180 2
5228 9
5274 2
5311 0
5324 4
5434 4
5452 3
5476 5
5547 2
5589 8
5595 0
5641 0
5646 8
5715 4
5731 5
5739 5
5851 9
5865 2
5889 5
5903 4
5958 9
6053 2
6062 8
6112 9
6128 0
6129 0
6135 2
6147 0
6156 2
6178 0
6264 5
6307 4
6311 0
6360 2
6390 8
6431 7
6437 3
6442 3
6462 1
6470 6
6622 8
6632 2
6638 8
6657 9
6706 8
6707 3
6739 1
6754 9
6768 8
6800 5
6830 3
6860 2
6876 0
6919 9
6945 2
6998 6
7024 1
7053 6
7075 8
7268 8
7277 7
7311 6
7323 3
7376 2
7420 2
7430 4
7572 5
7589 8
7675 1
7686 0
7694 5
7726 5
7753 0
7754 9
7772 6
7832 7
7854 5
7892 3
7982 8
8034 5
8038 4
8083 0
8091 4
8284 3
8292 7
8323 1
