8 5
63 3
115 4
149 2
151 9
185 9
217 6
233 8
241 9
247 4
259 6
321 2
381 3
428 4
445 6
448 9
449 3
478 5
479 9
507 3
551 7
552 0
578 3
610 4
613 2
619 1
646 2
659 2
674 5
684 7
691 8
707 4
717 0
720 5
740 4
810 7
829 4
894 3
924 2
939 2
947 8
950 7
956 1
965 6
982 3
1014 6
1032 5
1039 7
1044 6
1062 3
1107 9
1112 4
1114 3
1124 8
1156 7
1159 4
1166 3
1178 4
1181 6
1182 6
1204 3
1226 7
1242 4
1243 5
1247 9
1260 7
1270 4
1283 7
1319 8
1326 7
1337 2
1378 5
1413 4
1433 8
1494 7
1500 7
1522 7
1527 1
1530 8
1549 4
1551 2
1553 9
1581 7
1609 2
1671 7
1678 2
1681 3
1696 2
1709 9
1717 8
1732 9
1751 4
1754 7
1790 2
1813 8
1822 6
1868 1
1901 9
1903 7
1917 5
1938 4
1941 7
1982 6
2016 7
2024 7
2035 5
2044 2
2053 4
2070 7
2073 5
2090 4
2093 8
2098 2
2105 3
2109 3
2118 6
2125 5
2129 9
2130 4
2135 6
2148 4
2182 1
2185 0
2189 9
2215 6
2224 5
2266 1
2272 8
2291 5
2293 9
2299 2
2325 7
2358 1
2369 5
2387 9
2406 9
2422 6
2433 2
2454 6
2462 2
2488 2
2514 4
2556 5
2560 3
2574 5
2607 7
2648 9
2654 6
2670 5
2713 0
2720 9
2743 5
2756 3
2770 3
2771 4
2810 5
2896 8
2906 3
2921 3
2927 3
2939 9
2952 3
2953 3
2995 6
3005 9
3030 6
3060 9
3073 1
3117 5
3130 6
3280 2
3316 7
3333 7
3337 2
3376 7
3384 2
3405 4
3410 4
3422 6
3437 4
3460 9
3475 3
3490 4
3503 9
3533 4
3549 3
3558 5
3565 5
3597 9
3629 8
3681 2
3688 6
3702 5
3718 4
3726 4
3749 6
3751 7
3767 7
3771 8
3780 4
3796 2
3801 6
3808 7
3811 2
3817 2
3821 9
3838 7
3853 6
3855 5
3869 9
3893 5
3902 5
3906 1
3926 9
3941 4
3976 7
3984 9
3985 9
4000 9
4007 7
4017 4
4018 3
4065 0
4075 8
4078 9
4093 9
4163 9
4176 2
4205 2
4211 6
4212 1
4224 9
4248 2
4265 4
4289 2
4297 7
4300 5
4306 3
4315 5
4317 3
4355 5
4359 5
4369 9
4374 5
4405 9
4419 8
4433 7
4449 6
4477 0
4497 8
4500 9
4504 2
4521 2
4536 6
4551 7
4571 6
4575 4
4601 8
4615 2
4690 7
4731 8
4740 3
4751 4
4761 9
4807 8
4814 6
4823 9
4837 7
4880 0
4886 7
4915 5
4939 2
4950 2
4956 8
4966 7
4990 3
5046 3
5067 3
5068 4
5078 3
5140 3
5183 8
5246 7
5331 1
5457 1
5495 8
5573 3
5634 2
5642 1
5734 3
5749 8
5801 6
5802 5
5835 7
5842 4
5887 7
5888 4
5906 7
5913 5
5922 5
5935 3
5955 3
5973 3
6002 6
6023 3
6030 3
6035 2
6043 5
6059 3
6065 3
6071 9
6075 3
6081 9
6091 9
6112 9
6124 9
6126 9
6157 9
6166 9
6168 9
6172 9
6173 9
6391 2
6426 0
6505 9
6532 0
6555 8
6558 6
6568 9
6571 9
6574 2
6597 0
6598 5
6603 8
6608 9
6625 8
6632 9
6651 0
6783 1
6817 9
7121 8
7210 6
7216 0
7233 3
7333 3
7338 4
7426 9
7432 7
7434 4
7451 5
7476 3
7511 5
7565 7
7595 3
7797 5
7812 1
7821 3
7842 5
7858 3
7886 2
7899 1
7902 7
7915 7
7917 2
7928 1
7990 1
8020 1
8047 2
8061 4
8071 4
8081 4
8091 2
8092 4
8094 2
8095 4
8107 4
8115 3
8246 3
8296 3
8311 6
8339 8
8362 3
8408 8
8410 8
8453 5
8504 9
8520 4
8523 9
8527 4
8952 3
9009 7
9015 7
9016 0
9019 7
9024 7
9036 7
9253 4
9280 8
9342 3
9530 9
9587 9
9634 0
9642 9
9664 2
9716 2
9719 5
9726 2
9729 5
9735 4
9745 4
9749 5
9764 4
9768 2
9770 5
9779 2
9783 4
9792 4
9839 2
9858 6
9905 3
9944 3
9975 3
9980 2
