8 5
18 3
63 3
92 9
125 9
149 2
211 5
218 5
241 9
247 4
259 6
318 2
320 9
321 2
340 5
359 9
366 6
376 4
445 6
448 9
464 3
478 5
479 9
511 4
515 3
543 8
551 7
552 0
565 4
578 3
582 8
619 1
628 3
659 2
674 5
684 7
691 8
707 4
717 0
720 5
740 4
760 4
810 7
924 2
938 3
939 2
956 1
965 6
982 3
1003 5
1014 6
1032 5
1039 7
1044 6
1062 3
1073 5
1082 5
1107 9
1112 4
1114 3
1128 3
1157 4
1166 3
1181 6
1182 6
1192 9
1194 7
1204 3
1206 7
1226 7
1228 9
1232 9
1247 9
1251 2
1260 7
1299 5
1310 3
1326 7
1328 7
1337 2
1378 5
1391 4
1393 5
1409 2
1413 4
1440 4
1467 5
1494 7
1500 7
1522 7
1527 1
1530 8
1549 4
1553 9
1559 9
1581 7
1609 2
1621 0
1626 6
1634 4
1637 5
1641 5
1678 2
1681 3
1696 2
1709 9
1717 8
1732 9
1754 7
1790 2
1813 8
1822 6
1865 4
1878 8
1901 9
1903 7
1941 7
1952 9
2009 9
2016 7
2024 7
2035 5
2043 4
2044 2
2053 4
2070 7
2093 8
2098 2
2107 8
2109 3
2118 6
2129 9
2130 4
2135 6
2162 5
2182 1
2185 0
2186 2
2189 9
2215 6
2224 5
2266 1
2272 8
2293 9
2299 2
2325 7
2326 0
2358 1
2369 5
2371 4
2387 9
2393 8
2406 9
2422 6
2433 2
2454 6
2462 2
2514 4
2525 5
2556 5
2598 8
2607 7
2648 9
2654 6
2713 0
2720 9
2730 7
2760 9
2770 3
2771 4
2810 5
2863 9
2866 6
2877 4
2896 8
2907 4
2921 3
2927 3
2939 9
2953 3
2970 5
2995 6
3005 9
3060 9
3073 1
3106 2
3117 5
3130 6
3136 7
3166 7
3206 8
3240 9
3323 8
3330 2
3333 7
3341 4
3369 9
3384 2
3405 4
3422 6
3436 2
3503 9
3520 6
3533 4
3550 6
3559 8
3567 8
3597 9
3604 7
3681 2
3702 5
3716 9
3718 4
3725 6
3730 7
3751 7
3764 0
3767 7
3776 5
3780 4
3801 6
3808 7
3817 2
3821 9
3838 7
3853 6
3869 9
3893 5
3906 1
3926 9
3941 4
3946 2
3985 9
4000 9
4007 7
4017 4
4063 6
4065 0
4075 8
4078 9
4163 9
4176 2
4201 1
4205 2
4211 6
4212 1
4224 9
4248 2
4255 5
4261 5
4289 2
4297 7
4300 5
4306 3
4356 5
4359 5
4360 5
4382 4
4425 9
4433 7
4435 3
4449 6
4455 8
4487 7
4497 8
4500 9
4536 6
4571 6
4575 4
4601 8
4615 2
4619 6
4635 3
4690 7
4761 9
4785 3
4807 8
4814 6
4823 9
4837 7
4861 7
4874 9
4879 8
4880 0
4882 6
4886 7
4939 2
4950 2
4956 8
4966 7
4990 3
5067 3
5068 4
5159 4
5165 0
5183 8
5246 7
5278 8
5331 1
5457 1
5564 4
5601 8
5634 2
5642 1
5653 0
5701 8
5734 3
5735 5
5749 8
5752 5
5835 7
5858 7
5887 7
5888 4
5912 3
5913 5
5926 4
5936 4
5955 3
5973 3
5987 0
6002 6
6023 3
6035 2
6059 3
6065 3
6071 9
6081 9
6091 9
6093 2
6124 9
6157 9
6166 9
6168 9
6172 9
6173 9
6391 2
6426 0
6505 9
6532 0
6555 8
6558 6
6560 9
6571 9
6574 2
6576 7
6597 0
6603 8
6625 8
6632 9
6645 2
6651 0
6706 5
6740 9
6741 7
6783 1
7049 0
7121 8
7130 3
7216 0
7233 3
7432 7
7434 4
7451 5
7492 2
7511 5
7539 2
7797 5
7800 3
7812 1
7821 3
7858 3
7899 1
7918 5
7928 1
8020 1
8062 5
8091 2
8094 2
8246 3
8292 2
8296 3
8339 8
8406 4
8410 8
8504 9
8520 4
8522 8
8639 2
9009 7
9015 7
9019 7
9024 7
9036 7
9045 7
9062 2
9071 1
9182 3
9211 4
9280 8
9422 5
9534 7
9538 4
9587 9
9634 0
9642 9
9664 2
9698 6
9716 2
9719 5
9729 5
9740 9
9745 4
9749 5
9764 4
9768 2
9770 5
9777 5
9779 2
9839 2
9840 3
9858 6
9883 5
9888 6
9904 2
9905 3
9925 3
9944 3
9953 6
9954 2
9980 2
9982 5
