15 9
18 5
75 9
89 0
125 7
147 0
157 3
251 5
355 5
478 0
517 9
518 8
520 5
674 9
782 8
877 3
990 7
1077 3
1093 9
1110 6
1147 2
1297 0
1324 5
1338 6
1371 0
1389 3
1463 9
1494 2
1559 5
1667 5
1748 8
1752 5
1796 8
1816 9
1847 4
1914 5
1915 4
1943 3
1975 1
1983 5
2147 5
2283 9
2324 3
2343 8
2345 9
2352 5
2358 4
2418 3
2458 6
2498 6
2627 3
2636 8
2808 8
2816 8
2825 6
2873 5
2964 1
2969 9
2976 4
3009 3
3095 2
3162 4
3230 4
3238 9
3239 6
3242 0
3247 9
3316 9
3328 2
3384 8
3413 4
3424 0
3449 5
3476 5
3477 9
3562 9
3571 8
3659 7
3671 5
3690 9
3762 8
3780 6
3803 4
3826 2
3844 8
3858 8
3920 6
3929 9
3930 5
3932 9
3944 4
4065 6
4190 2
4223 2
4264 8
4287 9
4300 2
4347 9
4377 2
4386 5
4512 7
4571 8
4577 3
4620 4
4630 5
4635 7
4639 0
4648 5
4697 8
4709 5
4711 2
4751 8
4766 2
4792 7
4858 9
4862 9
4867 4
4951 8
4953 3
5038 2
5138 9
5180 2
5228 9
5274 2
5323 8
5324 4
5334 8
5351 2
5388 4
5452 3
5473 6
5476 5
5547 2
5589 8
5595 0
5641 0
5690 7
5731 5
5865 2
5903 4
5935 8
5958 9
6053 2
6128 0
6129 0
6135 2
6156 2
6307 4
6390 8
6431 7
6442 3
6462 1
6496 5
6622 8
6638 8
6657 9
6706 8
6707 3
6754 9
6768 8
6800 5
6860 2
6876 0
6907 3
6919 9
6945 2
7053 6
7063 4
7268 8
7277 7
7323 3
7376 2
7416 7
7420 2
7430 4
7564 7
7572 5
7589 8
7675 1
7678 5
7686 0
7694 5
7699 8
7726 5
7753 0
7758 4
7772 6
7832 7
7854 5
7900 7
7982 8
8034 5
8043 5
8083 0
8091 4
8100 8
8153 9
8284 3
8292 7
