1.000000000000000000e+00 4.655172413793103314e-01
1.010000000000000000e+02 2.435344827586206906e-01
2.010000000000000000e+02 1.314655172413793094e-01
3.010000000000000000e+02 6.034482758620689918e-02
4.010000000000000000e+02 9.698275862068965469e-02
5.010000000000000000e+02 9.051724137931034531e-02
6.010000000000000000e+02 9.698275862068965469e-02
7.010000000000000000e+02 8.620689655172414367e-02
8.010000000000000000e+02 3.663793103448275551e-02
9.010000000000000000e+02 6.896551724137930939e-02
1.001000000000000000e+03 9.482758620689654694e-02
1.101000000000000000e+03 3.017241379310344959e-02
1.201000000000000000e+03 8.405172413793103592e-02
1.301000000000000000e+03 7.327586206896551102e-02
1.401000000000000000e+03 3.017241379310344959e-02
1.501000000000000000e+03 7.327586206896551102e-02
1.601000000000000000e+03 7.112068965517241714e-02
1.701000000000000000e+03 3.448275862068965469e-02
1.801000000000000000e+03 3.448275862068965469e-02
1.901000000000000000e+03 4.741379310344827347e-02
2.001000000000000000e+03 5.603448275862069061e-02
2.101000000000000000e+03 5.818965517241379143e-02
2.201000000000000000e+03 9.267241379310345306e-02
2.301000000000000000e+03 2.306034482758620718e-01
