0.000000000000000000e+00 4.305705059203444873e-02
1.000000000000000000e+00 3.390742734122712682e-02
2.000000000000000000e+00 3.121636167922497290e-02
3.000000000000000000e+00 2.852529601722281899e-02
4.000000000000000000e+00 2.691065662002152872e-02
5.000000000000000000e+00 2.475780409041980490e-02
6.000000000000000000e+00 2.099031216361679081e-02
7.000000000000000000e+00 2.099031216361679081e-02
8.000000000000000000e+00 2.045209903121636072e-02
9.000000000000000000e+00 1.937567276641550054e-02
1.000000000000000000e+01 1.937567276641550054e-02
1.100000000000000000e+01 1.883745963401507045e-02
1.200000000000000000e+01 1.883745963401507045e-02
1.300000000000000000e+01 1.776103336921421028e-02
1.400000000000000000e+01 1.776103336921421028e-02
1.500000000000000000e+01 1.776103336921421028e-02
1.600000000000000000e+01 1.776103336921421028e-02
1.700000000000000000e+01 1.668460710441334663e-02
1.800000000000000000e+01 1.560818083961248645e-02
1.900000000000000000e+01 1.614639397201291654e-02
2.000000000000000000e+01 1.560818083961248645e-02
2.100000000000000000e+01 1.399354144241119445e-02
2.200000000000000000e+01 1.399354144241119445e-02
2.300000000000000000e+01 1.345532831001076436e-02
2.400000000000000000e+01 1.668460710441334663e-02
2.500000000000000000e+01 1.399354144241119445e-02
2.600000000000000000e+01 1.614639397201291654e-02
2.700000000000000000e+01 1.345532831001076436e-02
2.800000000000000000e+01 1.560818083961248645e-02
2.900000000000000000e+01 1.345532831001076436e-02
3.000000000000000000e+01 1.506996770721205636e-02
3.100000000000000000e+01 1.399354144241119445e-02
3.200000000000000000e+01 1.453175457481162454e-02
3.300000000000000000e+01 1.453175457481162454e-02
3.400000000000000000e+01 1.345532831001076436e-02
3.500000000000000000e+01 1.399354144241119445e-02
3.600000000000000000e+01 1.453175457481162454e-02
3.700000000000000000e+01 1.399354144241119445e-02
3.800000000000000000e+01 1.453175457481162454e-02
3.900000000000000000e+01 1.291711517761033427e-02
4.000000000000000000e+01 1.345532831001076436e-02
4.100000000000000000e+01 1.399354144241119445e-02
4.200000000000000000e+01 1.291711517761033427e-02
4.300000000000000000e+01 1.399354144241119445e-02
4.400000000000000000e+01 1.291711517761033427e-02
4.500000000000000000e+01 1.291711517761033427e-02
4.600000000000000000e+01 1.345532831001076436e-02
4.700000000000000000e+01 1.291711517761033427e-02
4.800000000000000000e+01 1.237890204520990245e-02
4.900000000000000000e+01 1.237890204520990245e-02
