0.000000000000000000e+00 2.939999999999999836e-01
1.000000000000000000e+00 2.939999999999999836e-01
2.000000000000000000e+00 2.939999999999999836e-01
3.000000000000000000e+00 2.939999999999999836e-01
4.000000000000000000e+00 3.250000000000000111e-02
5.000000000000000000e+00 2.549999999999999836e-02
6.000000000000000000e+00 2.350000000000000006e-02
7.000000000000000000e+00 1.650000000000000078e-02
8.000000000000000000e+00 1.499999999999999944e-02
9.000000000000000000e+00 1.349999999999999985e-02
1.000000000000000000e+01 1.050000000000000065e-02
1.100000000000000000e+01 9.499999999999999764e-03
1.200000000000000000e+01 8.500000000000000611e-03
1.300000000000000000e+01 8.000000000000000167e-03
1.400000000000000000e+01 6.499999999999999702e-03
1.500000000000000000e+01 6.499999999999999702e-03
1.600000000000000000e+01 9.499999999999999764e-03
1.700000000000000000e+01 8.000000000000000167e-03
1.800000000000000000e+01 7.499999999999999722e-03
1.900000000000000000e+01 7.000000000000000146e-03
