0.000000000000000000e+00 6.673842841765338652e-02
1.000000000000000000e+00 6.297093649085037936e-02
2.000000000000000000e+00 5.489773950484391762e-02
3.000000000000000000e+00 5.274488697524219727e-02
4.000000000000000000e+00 5.059203444564047691e-02
5.000000000000000000e+00 4.736275565123788944e-02
6.000000000000000000e+00 4.628632938643702927e-02
7.000000000000000000e+00 3.229278794402583308e-02
8.000000000000000000e+00 2.960172228202368264e-02
9.000000000000000000e+00 2.906350914962324908e-02
1.000000000000000000e+01 2.906350914962324908e-02
1.100000000000000000e+01 2.960172228202368264e-02
1.200000000000000000e+01 2.744886975242195881e-02
1.300000000000000000e+01 2.744886975242195881e-02
1.400000000000000000e+01 2.637244348762109863e-02
1.500000000000000000e+01 2.583423035522066855e-02
1.600000000000000000e+01 2.637244348762109863e-02
1.700000000000000000e+01 2.583423035522066855e-02
1.800000000000000000e+01 2.583423035522066855e-02
1.900000000000000000e+01 2.583423035522066855e-02
2.000000000000000000e+01 2.583423035522066855e-02
2.100000000000000000e+01 2.637244348762109863e-02
2.200000000000000000e+01 2.583423035522066855e-02
2.300000000000000000e+01 2.637244348762109863e-02
2.400000000000000000e+01 2.691065662002152872e-02
2.500000000000000000e+01 2.583423035522066855e-02
2.600000000000000000e+01 2.529601722282023846e-02
2.700000000000000000e+01 2.529601722282023846e-02
2.800000000000000000e+01 2.583423035522066855e-02
2.900000000000000000e+01 2.583423035522066855e-02
3.000000000000000000e+01 2.637244348762109863e-02
3.100000000000000000e+01 2.529601722282023846e-02
3.200000000000000000e+01 2.529601722282023846e-02
3.300000000000000000e+01 2.583423035522066855e-02
3.400000000000000000e+01 2.583423035522066855e-02
3.500000000000000000e+01 2.475780409041980490e-02
3.600000000000000000e+01 2.475780409041980490e-02
3.700000000000000000e+01 2.368137782561894472e-02
3.800000000000000000e+01 2.368137782561894472e-02
3.900000000000000000e+01 2.260495156081808454e-02
4.000000000000000000e+01 2.314316469321851463e-02
4.100000000000000000e+01 2.368137782561894472e-02
4.200000000000000000e+01 2.206673842841765446e-02
4.300000000000000000e+01 2.260495156081808454e-02
4.400000000000000000e+01 2.206673842841765446e-02
4.500000000000000000e+01 2.206673842841765446e-02
4.600000000000000000e+01 2.152852529601722437e-02
4.700000000000000000e+01 2.260495156081808454e-02
4.800000000000000000e+01 2.152852529601722437e-02
4.900000000000000000e+01 2.099031216361679081e-02
