0.000000000000000000e+00 1.544671689989235708e-01
1.000000000000000000e+00 1.119483315392895556e-01
2.000000000000000000e+00 3.713670613562970735e-02
3.000000000000000000e+00 3.713670613562970735e-02
4.000000000000000000e+00 3.821313240043056753e-02
5.000000000000000000e+00 3.821313240043056753e-02
6.000000000000000000e+00 3.659849300322928073e-02
7.000000000000000000e+00 3.552206673842842055e-02
8.000000000000000000e+00 3.444564047362755344e-02
9.000000000000000000e+00 3.713670613562970735e-02
1.000000000000000000e+01 3.390742734122712682e-02
1.100000000000000000e+01 3.390742734122712682e-02
1.200000000000000000e+01 3.552206673842842055e-02
1.300000000000000000e+01 3.713670613562970735e-02
1.400000000000000000e+01 3.121636167922497290e-02
1.500000000000000000e+01 3.121636167922497290e-02
1.600000000000000000e+01 3.175457481162540646e-02
1.700000000000000000e+01 3.175457481162540646e-02
1.800000000000000000e+01 2.852529601722281899e-02
1.900000000000000000e+01 3.013993541442411273e-02
2.000000000000000000e+01 2.798708288482238890e-02
2.100000000000000000e+01 2.744886975242195881e-02
2.200000000000000000e+01 2.798708288482238890e-02
2.300000000000000000e+01 2.744886975242195881e-02
2.400000000000000000e+01 2.744886975242195881e-02
2.500000000000000000e+01 2.744886975242195881e-02
2.600000000000000000e+01 2.583423035522066855e-02
2.700000000000000000e+01 2.529601722282023846e-02
2.800000000000000000e+01 2.475780409041980490e-02
2.900000000000000000e+01 2.475780409041980490e-02
3.000000000000000000e+01 2.421959095801937481e-02
3.100000000000000000e+01 2.368137782561894472e-02
3.200000000000000000e+01 2.260495156081808454e-02
3.300000000000000000e+01 2.260495156081808454e-02
3.400000000000000000e+01 2.206673842841765446e-02
3.500000000000000000e+01 2.152852529601722437e-02
3.600000000000000000e+01 2.099031216361679081e-02
3.700000000000000000e+01 2.045209903121636072e-02
3.800000000000000000e+01 2.045209903121636072e-02
3.900000000000000000e+01 2.045209903121636072e-02
4.000000000000000000e+01 2.045209903121636072e-02
4.100000000000000000e+01 2.045209903121636072e-02
4.200000000000000000e+01 2.045209903121636072e-02
4.300000000000000000e+01 1.991388589881593063e-02
4.400000000000000000e+01 1.991388589881593063e-02
4.500000000000000000e+01 2.368137782561894472e-02
4.600000000000000000e+01 1.991388589881593063e-02
4.700000000000000000e+01 1.991388589881593063e-02
4.800000000000000000e+01 2.152852529601722437e-02
4.900000000000000000e+01 2.045209903121636072e-02
