0.000000000000000000e+00 2.939999999999999836e-01
1.000000000000000000e+00 2.939999999999999836e-01
2.000000000000000000e+00 9.149999999999999800e-02
3.000000000000000000e+00 9.149999999999999800e-02
4.000000000000000000e+00 8.949999999999999623e-02
5.000000000000000000e+00 7.900000000000000078e-02
6.000000000000000000e+00 7.950000000000000122e-02
7.000000000000000000e+00 8.949999999999999623e-02
8.000000000000000000e+00 8.250000000000000389e-02
9.000000000000000000e+00 8.500000000000000611e-02
1.000000000000000000e+01 8.400000000000000522e-02
1.100000000000000000e+01 8.849999999999999534e-02
1.200000000000000000e+01 7.799999999999999989e-02
1.300000000000000000e+01 6.550000000000000266e-02
1.400000000000000000e+01 9.700000000000000289e-02
1.500000000000000000e+01 8.150000000000000300e-02
1.600000000000000000e+01 7.699999999999999900e-02
1.700000000000000000e+01 9.099999999999999756e-02
1.800000000000000000e+01 5.700000000000000205e-02
1.900000000000000000e+01 8.250000000000000389e-02
