0.000000000000000000e+00 4.736275565123788944e-02
1.000000000000000000e+00 4.090419806243272144e-02
2.000000000000000000e+00 3.713670613562970735e-02
3.000000000000000000e+00 3.336921420882669326e-02
4.000000000000000000e+00 2.960172228202368264e-02
5.000000000000000000e+00 2.906350914962324908e-02
6.000000000000000000e+00 2.798708288482238890e-02
7.000000000000000000e+00 2.421959095801937481e-02
8.000000000000000000e+00 2.368137782561894472e-02
9.000000000000000000e+00 2.260495156081808454e-02
1.000000000000000000e+01 2.206673842841765446e-02
1.100000000000000000e+01 2.152852529601722437e-02
1.200000000000000000e+01 2.152852529601722437e-02
1.300000000000000000e+01 2.099031216361679081e-02
1.400000000000000000e+01 1.991388589881593063e-02
1.500000000000000000e+01 1.722282023681377672e-02
1.600000000000000000e+01 1.776103336921421028e-02
1.700000000000000000e+01 1.776103336921421028e-02
1.800000000000000000e+01 1.776103336921421028e-02
1.900000000000000000e+01 1.722282023681377672e-02
2.000000000000000000e+01 1.722282023681377672e-02
2.100000000000000000e+01 1.776103336921421028e-02
2.200000000000000000e+01 1.614639397201291654e-02
2.300000000000000000e+01 1.614639397201291654e-02
2.400000000000000000e+01 1.560818083961248645e-02
2.500000000000000000e+01 1.560818083961248645e-02
2.600000000000000000e+01 1.614639397201291654e-02
2.700000000000000000e+01 1.506996770721205636e-02
2.800000000000000000e+01 1.560818083961248645e-02
2.900000000000000000e+01 1.560818083961248645e-02
3.000000000000000000e+01 1.614639397201291654e-02
3.100000000000000000e+01 1.614639397201291654e-02
3.200000000000000000e+01 1.560818083961248645e-02
3.300000000000000000e+01 1.614639397201291654e-02
3.400000000000000000e+01 1.560818083961248645e-02
3.500000000000000000e+01 1.614639397201291654e-02
3.600000000000000000e+01 1.560818083961248645e-02
3.700000000000000000e+01 1.560818083961248645e-02
3.800000000000000000e+01 1.453175457481162454e-02
3.900000000000000000e+01 1.560818083961248645e-02
4.000000000000000000e+01 1.506996770721205636e-02
4.100000000000000000e+01 1.506996770721205636e-02
4.200000000000000000e+01 1.506996770721205636e-02
4.300000000000000000e+01 1.506996770721205636e-02
4.400000000000000000e+01 1.506996770721205636e-02
4.500000000000000000e+01 1.399354144241119445e-02
4.600000000000000000e+01 1.506996770721205636e-02
4.700000000000000000e+01 1.399354144241119445e-02
4.800000000000000000e+01 1.453175457481162454e-02
4.900000000000000000e+01 1.399354144241119445e-02
