0.000000000000000000e+00 6.149999999999999911e-02
1.000000000000000000e+00 7.149999999999999412e-02
2.000000000000000000e+00 6.750000000000000444e-02
3.000000000000000000e+00 6.250000000000000000e-02
4.000000000000000000e+00 6.099999999999999867e-02
5.000000000000000000e+00 4.150000000000000216e-02
6.000000000000000000e+00 4.050000000000000128e-02
7.000000000000000000e+00 3.599999999999999728e-02
8.000000000000000000e+00 3.500000000000000333e-02
9.000000000000000000e+00 3.549999999999999684e-02
1.000000000000000000e+01 3.649999999999999772e-02
1.100000000000000000e+01 3.150000000000000022e-02
1.200000000000000000e+01 2.999999999999999889e-02
1.300000000000000000e+01 3.099999999999999978e-02
1.400000000000000000e+01 2.949999999999999845e-02
1.500000000000000000e+01 2.999999999999999889e-02
1.600000000000000000e+01 2.949999999999999845e-02
1.700000000000000000e+01 2.900000000000000147e-02
1.800000000000000000e+01 2.900000000000000147e-02
1.900000000000000000e+01 2.900000000000000147e-02
