0.000000000000000000e+00 6.727664155005382007e-02
1.000000000000000000e+00 3.982777179763186126e-02
2.000000000000000000e+00 3.659849300322928073e-02
3.000000000000000000e+00 3.982777179763186126e-02
4.000000000000000000e+00 3.928955866523143464e-02
5.000000000000000000e+00 1.087190527448869820e-01
6.000000000000000000e+00 9.257265877287405853e-02
7.000000000000000000e+00 7.857911733046286928e-02
8.000000000000000000e+00 6.512378902045209972e-02
9.000000000000000000e+00 5.758880516684607154e-02
1.000000000000000000e+01 5.166846071044133709e-02
1.100000000000000000e+01 5.220667384284176371e-02
1.200000000000000000e+01 4.682454251883746282e-02
1.300000000000000000e+01 4.198062432723358162e-02
1.400000000000000000e+01 4.198062432723358162e-02
1.500000000000000000e+01 3.875134553283100108e-02
1.600000000000000000e+01 3.552206673842842055e-02
1.700000000000000000e+01 3.444564047362755344e-02
1.800000000000000000e+01 3.552206673842842055e-02
1.900000000000000000e+01 3.390742734122712682e-02
2.000000000000000000e+01 3.444564047362755344e-02
2.100000000000000000e+01 3.552206673842842055e-02
2.200000000000000000e+01 3.552206673842842055e-02
2.300000000000000000e+01 3.713670613562970735e-02
2.400000000000000000e+01 3.552206673842842055e-02
2.500000000000000000e+01 3.606027987082884717e-02
2.600000000000000000e+01 3.659849300322928073e-02
2.700000000000000000e+01 3.659849300322928073e-02
2.800000000000000000e+01 2.906350914962324908e-02
2.900000000000000000e+01 2.906350914962324908e-02
3.000000000000000000e+01 2.906350914962324908e-02
3.100000000000000000e+01 2.852529601722281899e-02
3.200000000000000000e+01 2.798708288482238890e-02
3.300000000000000000e+01 2.798708288482238890e-02
3.400000000000000000e+01 3.713670613562970735e-02
3.500000000000000000e+01 3.659849300322928073e-02
3.600000000000000000e+01 3.659849300322928073e-02
3.700000000000000000e+01 3.659849300322928073e-02
3.800000000000000000e+01 3.659849300322928073e-02
3.900000000000000000e+01 3.659849300322928073e-02
4.000000000000000000e+01 3.659849300322928073e-02
4.100000000000000000e+01 3.606027987082884717e-02
4.200000000000000000e+01 3.552206673842842055e-02
4.300000000000000000e+01 3.498385360602798699e-02
4.400000000000000000e+01 3.498385360602798699e-02
4.500000000000000000e+01 3.498385360602798699e-02
4.600000000000000000e+01 3.444564047362755344e-02
4.700000000000000000e+01 3.444564047362755344e-02
4.800000000000000000e+01 3.444564047362755344e-02
4.900000000000000000e+01 3.444564047362755344e-02
