0.000000000000000000e+00 5.113024757804090353e-02
1.000000000000000000e+00 3.821313240043056753e-02
2.000000000000000000e+00 3.444564047362755344e-02
3.000000000000000000e+00 3.067814854682454281e-02
4.000000000000000000e+00 2.960172228202368264e-02
5.000000000000000000e+00 2.906350914962324908e-02
6.000000000000000000e+00 2.744886975242195881e-02
7.000000000000000000e+00 2.583423035522066855e-02
8.000000000000000000e+00 2.475780409041980490e-02
9.000000000000000000e+00 2.529601722282023846e-02
1.000000000000000000e+01 2.206673842841765446e-02
1.100000000000000000e+01 2.152852529601722437e-02
1.200000000000000000e+01 2.099031216361679081e-02
1.300000000000000000e+01 2.099031216361679081e-02
1.400000000000000000e+01 2.045209903121636072e-02
1.500000000000000000e+01 1.991388589881593063e-02
1.600000000000000000e+01 1.937567276641550054e-02
1.700000000000000000e+01 1.937567276641550054e-02
1.800000000000000000e+01 1.937567276641550054e-02
1.900000000000000000e+01 1.883745963401507045e-02
2.000000000000000000e+01 1.937567276641550054e-02
2.100000000000000000e+01 1.883745963401507045e-02
2.200000000000000000e+01 1.829924650161464036e-02
2.300000000000000000e+01 1.883745963401507045e-02
2.400000000000000000e+01 1.883745963401507045e-02
2.500000000000000000e+01 1.937567276641550054e-02
2.600000000000000000e+01 1.937567276641550054e-02
2.700000000000000000e+01 1.883745963401507045e-02
2.800000000000000000e+01 1.883745963401507045e-02
2.900000000000000000e+01 1.829924650161464036e-02
3.000000000000000000e+01 1.829924650161464036e-02
3.100000000000000000e+01 1.937567276641550054e-02
3.200000000000000000e+01 1.883745963401507045e-02
3.300000000000000000e+01 1.883745963401507045e-02
3.400000000000000000e+01 1.776103336921421028e-02
3.500000000000000000e+01 1.776103336921421028e-02
3.600000000000000000e+01 1.776103336921421028e-02
3.700000000000000000e+01 1.668460710441334663e-02
3.800000000000000000e+01 1.722282023681377672e-02
3.900000000000000000e+01 1.829924650161464036e-02
4.000000000000000000e+01 1.722282023681377672e-02
4.100000000000000000e+01 1.722282023681377672e-02
4.200000000000000000e+01 1.829924650161464036e-02
4.300000000000000000e+01 1.722282023681377672e-02
4.400000000000000000e+01 1.722282023681377672e-02
4.500000000000000000e+01 1.722282023681377672e-02
4.600000000000000000e+01 1.722282023681377672e-02
4.700000000000000000e+01 1.722282023681377672e-02
4.800000000000000000e+01 1.722282023681377672e-02
4.900000000000000000e+01 1.722282023681377672e-02
