0.000000000000000000e+00 6.081808396124865207e-02
1.000000000000000000e+00 3.982777179763186126e-02
2.000000000000000000e+00 3.336921420882669326e-02
3.000000000000000000e+00 3.121636167922497290e-02
4.000000000000000000e+00 2.906350914962324908e-02
5.000000000000000000e+00 2.583423035522066855e-02
6.000000000000000000e+00 2.421959095801937481e-02
7.000000000000000000e+00 2.314316469321851463e-02
8.000000000000000000e+00 2.314316469321851463e-02
9.000000000000000000e+00 2.045209903121636072e-02
1.000000000000000000e+01 1.991388589881593063e-02
1.100000000000000000e+01 1.883745963401507045e-02
1.200000000000000000e+01 1.883745963401507045e-02
1.300000000000000000e+01 1.829924650161464036e-02
1.400000000000000000e+01 1.829924650161464036e-02
1.500000000000000000e+01 1.829924650161464036e-02
1.600000000000000000e+01 1.829924650161464036e-02
1.700000000000000000e+01 1.829924650161464036e-02
1.800000000000000000e+01 1.829924650161464036e-02
1.900000000000000000e+01 1.829924650161464036e-02
2.000000000000000000e+01 1.829924650161464036e-02
2.100000000000000000e+01 1.776103336921421028e-02
2.200000000000000000e+01 1.776103336921421028e-02
2.300000000000000000e+01 1.722282023681377672e-02
2.400000000000000000e+01 1.722282023681377672e-02
2.500000000000000000e+01 1.722282023681377672e-02
2.600000000000000000e+01 1.668460710441334663e-02
2.700000000000000000e+01 1.668460710441334663e-02
2.800000000000000000e+01 1.668460710441334663e-02
2.900000000000000000e+01 1.614639397201291654e-02
3.000000000000000000e+01 1.614639397201291654e-02
3.100000000000000000e+01 1.614639397201291654e-02
3.200000000000000000e+01 1.614639397201291654e-02
3.300000000000000000e+01 1.560818083961248645e-02
3.400000000000000000e+01 1.560818083961248645e-02
3.500000000000000000e+01 1.506996770721205636e-02
3.600000000000000000e+01 1.453175457481162454e-02
3.700000000000000000e+01 1.345532831001076436e-02
3.800000000000000000e+01 1.291711517761033427e-02
3.900000000000000000e+01 1.291711517761033427e-02
4.000000000000000000e+01 1.291711517761033427e-02
4.100000000000000000e+01 1.291711517761033427e-02
4.200000000000000000e+01 1.184068891280947236e-02
4.300000000000000000e+01 1.184068891280947236e-02
4.400000000000000000e+01 1.184068891280947236e-02
4.500000000000000000e+01 1.130247578040904227e-02
4.600000000000000000e+01 1.076426264800861218e-02
4.700000000000000000e+01 1.076426264800861218e-02
4.800000000000000000e+01 1.076426264800861218e-02
4.900000000000000000e+01 1.076426264800861218e-02
