0.000000000000000000e+00 2.939999999999999836e-01
1.000000000000000000e+00 2.939999999999999836e-01
2.000000000000000000e+00 2.939999999999999836e-01
3.000000000000000000e+00 1.585000000000000020e-01
4.000000000000000000e+00 2.255000000000000060e-01
5.000000000000000000e+00 1.140000000000000041e-01
6.000000000000000000e+00 1.965000000000000080e-01
7.000000000000000000e+00 1.695000000000000118e-01
8.000000000000000000e+00 1.940000000000000058e-01
9.000000000000000000e+00 2.939999999999999836e-01
