0.000000000000000000e+00 5.000000000000000278e-02
1.000000000000000000e+00 3.099999999999999978e-02
2.000000000000000000e+00 2.350000000000000006e-02
3.000000000000000000e+00 1.949999999999999997e-02
4.000000000000000000e+00 1.799999999999999864e-02
5.000000000000000000e+00 1.499999999999999944e-02
6.000000000000000000e+00 1.349999999999999985e-02
7.000000000000000000e+00 1.349999999999999985e-02
8.000000000000000000e+00 1.149999999999999981e-02
9.000000000000000000e+00 1.349999999999999985e-02
1.000000000000000000e+01 1.099999999999999936e-02
1.100000000000000000e+01 1.000000000000000021e-02
1.200000000000000000e+01 1.000000000000000021e-02
1.300000000000000000e+01 1.000000000000000021e-02
1.400000000000000000e+01 8.999999999999999320e-03
1.500000000000000000e+01 8.999999999999999320e-03
1.600000000000000000e+01 8.500000000000000611e-03
1.700000000000000000e+01 8.500000000000000611e-03
1.800000000000000000e+01 8.000000000000000167e-03
1.900000000000000000e+01 8.000000000000000167e-03
