0.000000000000000000e+00 5.597416576964477780e-02
1.000000000000000000e+00 3.767491926803014091e-02
2.000000000000000000e+00 3.552206673842842055e-02
3.000000000000000000e+00 3.067814854682454281e-02
4.000000000000000000e+00 2.691065662002152872e-02
5.000000000000000000e+00 2.637244348762109863e-02
6.000000000000000000e+00 2.583423035522066855e-02
7.000000000000000000e+00 2.475780409041980490e-02
8.000000000000000000e+00 2.421959095801937481e-02
9.000000000000000000e+00 2.368137782561894472e-02
1.000000000000000000e+01 2.260495156081808454e-02
1.100000000000000000e+01 2.045209903121636072e-02
1.200000000000000000e+01 1.991388589881593063e-02
1.300000000000000000e+01 1.991388589881593063e-02
1.400000000000000000e+01 1.829924650161464036e-02
1.500000000000000000e+01 1.829924650161464036e-02
1.600000000000000000e+01 1.829924650161464036e-02
1.700000000000000000e+01 1.722282023681377672e-02
1.800000000000000000e+01 1.668460710441334663e-02
1.900000000000000000e+01 1.560818083961248645e-02
2.000000000000000000e+01 1.560818083961248645e-02
2.100000000000000000e+01 1.560818083961248645e-02
2.200000000000000000e+01 1.453175457481162454e-02
2.300000000000000000e+01 1.399354144241119445e-02
2.400000000000000000e+01 1.345532831001076436e-02
2.500000000000000000e+01 1.345532831001076436e-02
2.600000000000000000e+01 1.345532831001076436e-02
2.700000000000000000e+01 1.237890204520990245e-02
2.800000000000000000e+01 1.291711517761033427e-02
2.900000000000000000e+01 1.291711517761033427e-02
3.000000000000000000e+01 1.291711517761033427e-02
3.100000000000000000e+01 1.291711517761033427e-02
3.200000000000000000e+01 1.345532831001076436e-02
3.300000000000000000e+01 1.291711517761033427e-02
3.400000000000000000e+01 1.345532831001076436e-02
3.500000000000000000e+01 1.237890204520990245e-02
3.600000000000000000e+01 1.291711517761033427e-02
3.700000000000000000e+01 1.291711517761033427e-02
3.800000000000000000e+01 1.184068891280947236e-02
3.900000000000000000e+01 1.184068891280947236e-02
4.000000000000000000e+01 1.184068891280947236e-02
4.100000000000000000e+01 1.184068891280947236e-02
4.200000000000000000e+01 1.184068891280947236e-02
4.300000000000000000e+01 1.237890204520990245e-02
4.400000000000000000e+01 1.184068891280947236e-02
4.500000000000000000e+01 1.184068891280947236e-02
4.600000000000000000e+01 1.184068891280947236e-02
4.700000000000000000e+01 1.184068891280947236e-02
4.800000000000000000e+01 1.184068891280947236e-02
4.900000000000000000e+01 1.184068891280947236e-02
