0.000000000000000000e+00 6.135629709364908563e-02
1.000000000000000000e+00 4.736275565123788944e-02
2.000000000000000000e+00 4.520990312163616909e-02
3.000000000000000000e+00 3.928955866523143464e-02
4.000000000000000000e+00 3.498385360602798699e-02
5.000000000000000000e+00 3.121636167922497290e-02
6.000000000000000000e+00 2.852529601722281899e-02
7.000000000000000000e+00 2.529601722282023846e-02
8.000000000000000000e+00 2.260495156081808454e-02
9.000000000000000000e+00 2.206673842841765446e-02
1.000000000000000000e+01 2.045209903121636072e-02
1.100000000000000000e+01 1.991388589881593063e-02
1.200000000000000000e+01 1.883745963401507045e-02
1.300000000000000000e+01 1.883745963401507045e-02
1.400000000000000000e+01 1.776103336921421028e-02
1.500000000000000000e+01 1.614639397201291654e-02
1.600000000000000000e+01 1.614639397201291654e-02
1.700000000000000000e+01 1.614639397201291654e-02
1.800000000000000000e+01 1.614639397201291654e-02
1.900000000000000000e+01 1.506996770721205636e-02
2.000000000000000000e+01 1.453175457481162454e-02
2.100000000000000000e+01 1.453175457481162454e-02
2.200000000000000000e+01 1.453175457481162454e-02
2.300000000000000000e+01 1.345532831001076436e-02
2.400000000000000000e+01 1.345532831001076436e-02
2.500000000000000000e+01 1.345532831001076436e-02
2.600000000000000000e+01 1.291711517761033427e-02
2.700000000000000000e+01 1.184068891280947236e-02
2.800000000000000000e+01 1.184068891280947236e-02
2.900000000000000000e+01 1.184068891280947236e-02
3.000000000000000000e+01 1.184068891280947236e-02
3.100000000000000000e+01 1.237890204520990245e-02
3.200000000000000000e+01 1.184068891280947236e-02
3.300000000000000000e+01 1.076426264800861218e-02
3.400000000000000000e+01 1.076426264800861218e-02
3.500000000000000000e+01 1.130247578040904227e-02
3.600000000000000000e+01 1.076426264800861218e-02
3.700000000000000000e+01 1.130247578040904227e-02
3.800000000000000000e+01 1.022604951560818036e-02
3.900000000000000000e+01 1.022604951560818036e-02
4.000000000000000000e+01 1.022604951560818036e-02
4.100000000000000000e+01 1.076426264800861218e-02
4.200000000000000000e+01 1.076426264800861218e-02
4.300000000000000000e+01 1.022604951560818036e-02
4.400000000000000000e+01 1.076426264800861218e-02
4.500000000000000000e+01 1.076426264800861218e-02
4.600000000000000000e+01 1.022604951560818036e-02
4.700000000000000000e+01 1.022604951560818036e-02
4.800000000000000000e+01 9.687836383207750271e-03
4.900000000000000000e+01 9.687836383207750271e-03
