0.000000000000000000e+00 2.939999999999999836e-01
1.000000000000000000e+00 2.939999999999999836e-01
2.000000000000000000e+00 2.939999999999999836e-01
3.000000000000000000e+00 2.939999999999999836e-01
4.000000000000000000e+00 2.939999999999999836e-01
5.000000000000000000e+00 2.939999999999999836e-01
6.000000000000000000e+00 2.939999999999999836e-01
7.000000000000000000e+00 2.939999999999999836e-01
8.000000000000000000e+00 2.939999999999999836e-01
9.000000000000000000e+00 2.850000000000000103e-02
1.000000000000000000e+01 2.800000000000000058e-02
1.100000000000000000e+01 2.249999999999999917e-02
1.200000000000000000e+01 1.799999999999999864e-02
1.300000000000000000e+01 1.600000000000000033e-02
1.400000000000000000e+01 1.450000000000000074e-02
1.500000000000000000e+01 1.200000000000000025e-02
1.600000000000000000e+01 1.050000000000000065e-02
1.700000000000000000e+01 7.499999999999999722e-03
1.800000000000000000e+01 6.000000000000000125e-03
1.900000000000000000e+01 5.499999999999999681e-03
