0.000000000000000000e+00 6.700000000000000400e-02
1.000000000000000000e+00 5.099999999999999672e-02
2.000000000000000000e+00 4.250000000000000305e-02
3.000000000000000000e+00 3.350000000000000200e-02
4.000000000000000000e+00 3.049999999999999933e-02
5.000000000000000000e+00 2.649999999999999925e-02
6.000000000000000000e+00 2.299999999999999961e-02
7.000000000000000000e+00 1.949999999999999997e-02
8.000000000000000000e+00 1.549999999999999989e-02
9.000000000000000000e+00 1.349999999999999985e-02
1.000000000000000000e+01 1.250000000000000069e-02
1.100000000000000000e+01 1.200000000000000025e-02
1.200000000000000000e+01 1.149999999999999981e-02
1.300000000000000000e+01 1.000000000000000021e-02
1.400000000000000000e+01 1.000000000000000021e-02
1.500000000000000000e+01 1.000000000000000021e-02
1.600000000000000000e+01 8.500000000000000611e-03
1.700000000000000000e+01 7.000000000000000146e-03
1.800000000000000000e+01 7.000000000000000146e-03
1.900000000000000000e+01 7.000000000000000146e-03
