0.000000000000000000e+00 4.144241119483315500e-02
1.000000000000000000e+00 3.498385360602798699e-02
2.000000000000000000e+00 3.606027987082884717e-02
3.000000000000000000e+00 3.229278794402583308e-02
4.000000000000000000e+00 3.175457481162540646e-02
5.000000000000000000e+00 2.691065662002152872e-02
6.000000000000000000e+00 2.691065662002152872e-02
7.000000000000000000e+00 2.637244348762109863e-02
8.000000000000000000e+00 2.421959095801937481e-02
9.000000000000000000e+00 2.529601722282023846e-02
1.000000000000000000e+01 2.368137782561894472e-02
1.100000000000000000e+01 2.421959095801937481e-02
1.200000000000000000e+01 2.260495156081808454e-02
1.300000000000000000e+01 2.206673842841765446e-02
1.400000000000000000e+01 2.099031216361679081e-02
1.500000000000000000e+01 1.937567276641550054e-02
1.600000000000000000e+01 2.099031216361679081e-02
1.700000000000000000e+01 1.937567276641550054e-02
1.800000000000000000e+01 1.937567276641550054e-02
1.900000000000000000e+01 1.883745963401507045e-02
2.000000000000000000e+01 1.829924650161464036e-02
2.100000000000000000e+01 1.937567276641550054e-02
2.200000000000000000e+01 1.829924650161464036e-02
2.300000000000000000e+01 1.883745963401507045e-02
2.400000000000000000e+01 1.776103336921421028e-02
2.500000000000000000e+01 1.776103336921421028e-02
2.600000000000000000e+01 1.668460710441334663e-02
2.700000000000000000e+01 1.614639397201291654e-02
2.800000000000000000e+01 1.668460710441334663e-02
2.900000000000000000e+01 1.506996770721205636e-02
3.000000000000000000e+01 1.506996770721205636e-02
3.100000000000000000e+01 1.506996770721205636e-02
3.200000000000000000e+01 1.614639397201291654e-02
3.300000000000000000e+01 1.506996770721205636e-02
3.400000000000000000e+01 1.560818083961248645e-02
3.500000000000000000e+01 1.506996770721205636e-02
3.600000000000000000e+01 1.453175457481162454e-02
3.700000000000000000e+01 1.560818083961248645e-02
3.800000000000000000e+01 1.560818083961248645e-02
3.900000000000000000e+01 1.399354144241119445e-02
4.000000000000000000e+01 1.453175457481162454e-02
4.100000000000000000e+01 1.345532831001076436e-02
4.200000000000000000e+01 1.453175457481162454e-02
4.300000000000000000e+01 1.453175457481162454e-02
4.400000000000000000e+01 1.560818083961248645e-02
4.500000000000000000e+01 1.399354144241119445e-02
4.600000000000000000e+01 1.399354144241119445e-02
4.700000000000000000e+01 1.345532831001076436e-02
4.800000000000000000e+01 1.506996770721205636e-02
4.900000000000000000e+01 1.345532831001076436e-02
