0.000000000000000000e+00 7.911733046286328896e-02
1.000000000000000000e+00 5.113024757804090353e-02
2.000000000000000000e+00 4.144241119483315500e-02
3.000000000000000000e+00 3.875134553283100108e-02
4.000000000000000000e+00 3.444564047362755344e-02
5.000000000000000000e+00 3.336921420882669326e-02
6.000000000000000000e+00 3.283100107642626664e-02
7.000000000000000000e+00 2.798708288482238890e-02
8.000000000000000000e+00 2.583423035522066855e-02
9.000000000000000000e+00 2.475800000000000000e-02
