0.000000000000000000e+00 6.650000000000000355e-02
1.000000000000000000e+00 6.049999999999999822e-02
2.000000000000000000e+00 5.850000000000000339e-02
3.000000000000000000e+00 5.800000000000000294e-02
4.000000000000000000e+00 5.700000000000000205e-02
5.000000000000000000e+00 5.650000000000000161e-02
6.000000000000000000e+00 5.550000000000000072e-02
7.000000000000000000e+00 5.449999999999999983e-02
8.000000000000000000e+00 5.500000000000000028e-02
9.000000000000000000e+00 5.399999999999999939e-02
1.000000000000000000e+01 5.399999999999999939e-02
1.100000000000000000e+01 5.349999999999999895e-02
1.200000000000000000e+01 5.349999999999999895e-02
1.300000000000000000e+01 5.199999999999999761e-02
1.400000000000000000e+01 5.149999999999999717e-02
1.500000000000000000e+01 5.099999999999999672e-02
1.600000000000000000e+01 5.050000000000000322e-02
1.700000000000000000e+01 5.000000000000000278e-02
1.800000000000000000e+01 5.000000000000000278e-02
1.900000000000000000e+01 4.950000000000000233e-02
2.000000000000000000e+01 5.000000000000000278e-02
2.100000000000000000e+01 5.050000000000000322e-02
2.200000000000000000e+01 5.000000000000000278e-02
2.300000000000000000e+01 4.900000000000000189e-02
2.400000000000000000e+01 4.850000000000000144e-02
2.500000000000000000e+01 4.950000000000000233e-02
2.600000000000000000e+01 4.850000000000000144e-02
2.700000000000000000e+01 4.800000000000000100e-02
2.800000000000000000e+01 4.750000000000000056e-02
2.900000000000000000e+01 4.700000000000000011e-02
3.000000000000000000e+01 4.549999999999999878e-02
3.100000000000000000e+01 4.599999999999999922e-02
3.200000000000000000e+01 4.599999999999999922e-02
3.300000000000000000e+01 4.649999999999999967e-02
3.400000000000000000e+01 4.649999999999999967e-02
3.500000000000000000e+01 4.649999999999999967e-02
3.600000000000000000e+01 4.649999999999999967e-02
3.700000000000000000e+01 4.649999999999999967e-02
3.800000000000000000e+01 4.599999999999999922e-02
3.900000000000000000e+01 4.599999999999999922e-02
4.000000000000000000e+01 4.549999999999999878e-02
4.100000000000000000e+01 4.599999999999999922e-02
4.200000000000000000e+01 4.599999999999999922e-02
4.300000000000000000e+01 4.549999999999999878e-02
4.400000000000000000e+01 4.449999999999999789e-02
4.500000000000000000e+01 4.449999999999999789e-02
4.600000000000000000e+01 4.399999999999999745e-02
4.700000000000000000e+01 4.449999999999999789e-02
4.800000000000000000e+01 4.349999999999999700e-02
4.900000000000000000e+01 4.349999999999999700e-02
