0.000000000000000000e+00 1.294833333333333392e-01
1.000000000000000000e+00 1.113666666666666694e-01
2.000000000000000000e+00 1.056499999999999939e-01
3.000000000000000000e+00 9.923333333333334005e-02
4.000000000000000000e+00 9.771666666666666001e-02
5.000000000000000000e+00 9.339999999999999691e-02
6.000000000000000000e+00 9.694999999999999452e-02
7.000000000000000000e+00 8.833333333333333315e-02
8.000000000000000000e+00 8.773333333333332984e-02
9.000000000000000000e+00 8.459999999999999465e-02
1.000000000000000000e+01 8.101666666666666738e-02
1.100000000000000000e+01 8.194999999999999507e-02
1.200000000000000000e+01 8.373333333333334016e-02
1.300000000000000000e+01 7.463333333333332931e-02
1.400000000000000000e+01 7.626666666666666317e-02
1.500000000000000000e+01 7.031666666666666621e-02
1.600000000000000000e+01 7.105000000000000204e-02
1.700000000000000000e+01 6.623333333333333850e-02
1.800000000000000000e+01 6.476666666666666683e-02
1.900000000000000000e+01 6.883333333333332971e-02
2.000000000000000000e+01 6.623333333333333850e-02
2.100000000000000000e+01 6.694999999999999563e-02
2.200000000000000000e+01 6.678333333333333344e-02
2.300000000000000000e+01 7.148333333333332928e-02
2.400000000000000000e+01 6.660000000000000642e-02
2.500000000000000000e+01 6.610000000000000597e-02
2.600000000000000000e+01 6.316666666666666263e-02
2.700000000000000000e+01 6.291666666666666241e-02
2.800000000000000000e+01 6.446666666666667211e-02
2.900000000000000000e+01 5.820000000000000173e-02
3.000000000000000000e+01 5.951666666666666911e-02
3.100000000000000000e+01 5.985000000000000042e-02
3.200000000000000000e+01 6.291666666666666241e-02
3.300000000000000000e+01 5.718333333333333601e-02
3.400000000000000000e+01 5.656666666666666787e-02
3.500000000000000000e+01 5.623333333333333656e-02
3.600000000000000000e+01 5.655000000000000304e-02
3.700000000000000000e+01 5.726666666666666711e-02
3.800000000000000000e+01 5.426666666666666444e-02
3.900000000000000000e+01 5.469999999999999862e-02
4.000000000000000000e+01 5.558333333333333182e-02
4.100000000000000000e+01 5.378333333333333577e-02
4.200000000000000000e+01 5.519999999999999907e-02
4.300000000000000000e+01 5.519999999999999907e-02
4.400000000000000000e+01 5.478333333333333666e-02
4.500000000000000000e+01 5.283333333333333631e-02
4.600000000000000000e+01 5.249999999999999806e-02
4.700000000000000000e+01 5.535000000000000336e-02
4.800000000000000000e+01 5.099999999999999672e-02
4.900000000000000000e+01 5.145000000000000268e-02
5.000000000000000000e+01 5.098333333333333189e-02
5.100000000000000000e+01 5.084999999999999937e-02
5.200000000000000000e+01 5.104999999999999816e-02
5.300000000000000000e+01 5.190000000000000169e-02
5.400000000000000000e+01 5.020000000000000157e-02
5.500000000000000000e+01 4.741666666666666946e-02
5.600000000000000000e+01 5.091666666666666563e-02
5.700000000000000000e+01 4.938333333333333464e-02
5.800000000000000000e+01 4.888333333333333419e-02
5.900000000000000000e+01 4.731666666666666660e-02
6.000000000000000000e+01 4.655000000000000110e-02
6.100000000000000000e+01 4.681666666666666615e-02
6.200000000000000000e+01 4.621666666666666978e-02
6.300000000000000000e+01 4.880000000000000310e-02
6.400000000000000000e+01 4.963333333333333486e-02
6.500000000000000000e+01 4.813333333333333353e-02
6.600000000000000000e+01 4.808333333333333209e-02
6.700000000000000000e+01 4.805000000000000243e-02
6.800000000000000000e+01 4.859999999999999737e-02
6.900000000000000000e+01 4.831666666666666748e-02
7.000000000000000000e+01 4.784999999999999670e-02
7.100000000000000000e+01 4.816666666666667013e-02
7.200000000000000000e+01 4.791666666666666990e-02
7.300000000000000000e+01 4.731666666666666660e-02
7.400000000000000000e+01 4.683333333333333098e-02
7.500000000000000000e+01 4.624999999999999944e-02
7.600000000000000000e+01 4.639999999999999680e-02
7.700000000000000000e+01 4.664999999999999702e-02
7.800000000000000000e+01 4.585000000000000187e-02
7.900000000000000000e+01 4.630000000000000088e-02
8.000000000000000000e+01 4.410000000000000031e-02
8.100000000000000000e+01 4.429999999999999910e-02
8.200000000000000000e+01 4.531666666666666482e-02
8.300000000000000000e+01 4.406666666666666371e-02
8.400000000000000000e+01 4.610000000000000209e-02
8.500000000000000000e+01 4.598333333333333439e-02
8.600000000000000000e+01 4.624999999999999944e-02
8.700000000000000000e+01 4.445000000000000340e-02
8.800000000000000000e+01 4.586666666666666670e-02
8.900000000000000000e+01 4.449999999999999789e-02
9.000000000000000000e+01 4.175000000000000239e-02
9.100000000000000000e+01 4.366666666666666613e-02
9.200000000000000000e+01 4.421666666666666801e-02
9.300000000000000000e+01 4.451666666666666966e-02
9.400000000000000000e+01 4.635000000000000231e-02
9.500000000000000000e+01 4.546666666666666912e-02
9.600000000000000000e+01 4.524999999999999856e-02
9.700000000000000000e+01 4.399999999999999745e-02
9.800000000000000000e+01 4.340000000000000108e-02
9.900000000000000000e+01 4.516666666666666746e-02
1.000000000000000000e+02 4.404999999999999888e-02
1.010000000000000000e+02 4.256666666666666932e-02
1.020000000000000000e+02 4.365000000000000130e-02
1.030000000000000000e+02 4.204999999999999710e-02
1.040000000000000000e+02 4.304999999999999799e-02
1.050000000000000000e+02 4.268333333333333007e-02
1.060000000000000000e+02 4.418333333333333141e-02
1.070000000000000000e+02 4.416666666666666657e-02
1.080000000000000000e+02 4.383333333333333526e-02
1.090000000000000000e+02 4.218333333333333657e-02
1.100000000000000000e+02 4.183333333333333348e-02
1.110000000000000000e+02 4.398333333333333262e-02
1.120000000000000000e+02 4.246666666666666645e-02
1.130000000000000000e+02 4.265000000000000041e-02
1.140000000000000000e+02 4.151666666666666700e-02
1.150000000000000000e+02 4.088333333333333403e-02
1.160000000000000000e+02 3.973333333333333578e-02
1.170000000000000000e+02 4.033333333333333215e-02
1.180000000000000000e+02 4.259999999999999898e-02
1.190000000000000000e+02 3.905000000000000138e-02
1.200000000000000000e+02 4.105000000000000315e-02
1.210000000000000000e+02 4.271666666666666667e-02
1.220000000000000000e+02 4.014999999999999819e-02
1.230000000000000000e+02 4.039999999999999841e-02
1.240000000000000000e+02 4.240000000000000019e-02
1.250000000000000000e+02 4.109999999999999765e-02
1.260000000000000000e+02 3.956666666666666665e-02
1.270000000000000000e+02 4.184999999999999831e-02
1.280000000000000000e+02 3.983333333333333171e-02
1.290000000000000000e+02 4.055000000000000271e-02
1.300000000000000000e+02 4.108333333333333282e-02
1.310000000000000000e+02 4.100000000000000172e-02
1.320000000000000000e+02 3.960000000000000325e-02
1.330000000000000000e+02 4.025000000000000105e-02
1.340000000000000000e+02 3.883333333333333082e-02
1.350000000000000000e+02 3.894999999999999851e-02
1.360000000000000000e+02 3.905000000000000138e-02
1.370000000000000000e+02 3.918333333333333390e-02
1.380000000000000000e+02 4.043333333333333501e-02
1.390000000000000000e+02 3.988333333333333314e-02
1.400000000000000000e+02 4.046666666666666468e-02
1.410000000000000000e+02 4.016666666666666996e-02
1.420000000000000000e+02 4.038333333333333358e-02
1.430000000000000000e+02 3.855000000000000093e-02
1.440000000000000000e+02 3.918333333333333390e-02
1.450000000000000000e+02 3.898333333333333511e-02
1.460000000000000000e+02 3.956666666666666665e-02
1.470000000000000000e+02 3.858333333333333059e-02
1.480000000000000000e+02 3.984999999999999654e-02
1.490000000000000000e+02 4.066666666666666347e-02
1.500000000000000000e+02 3.853333333333333610e-02
1.510000000000000000e+02 3.881666666666666599e-02
1.520000000000000000e+02 3.958333333333333148e-02
1.530000000000000000e+02 3.833333333333333037e-02
1.540000000000000000e+02 3.841666666666666841e-02
1.550000000000000000e+02 3.881666666666666599e-02
1.560000000000000000e+02 4.009999999999999676e-02
1.570000000000000000e+02 3.939999999999999752e-02
1.580000000000000000e+02 3.835000000000000214e-02
1.590000000000000000e+02 3.769999999999999740e-02
1.600000000000000000e+02 4.005000000000000226e-02
1.610000000000000000e+02 3.953333333333333005e-02
1.620000000000000000e+02 3.758333333333333665e-02
1.630000000000000000e+02 3.866666666666666863e-02
1.640000000000000000e+02 3.961666666666666808e-02
1.650000000000000000e+02 3.964999999999999775e-02
1.660000000000000000e+02 3.794999999999999762e-02
1.670000000000000000e+02 3.716666666666666730e-02
1.680000000000000000e+02 3.713333333333333069e-02
1.690000000000000000e+02 3.756666666666666488e-02
1.700000000000000000e+02 3.893333333333333368e-02
1.710000000000000000e+02 3.736666666666666609e-02
1.720000000000000000e+02 3.613333333333333675e-02
1.730000000000000000e+02 3.696666666666666851e-02
1.740000000000000000e+02 3.839999999999999664e-02
1.750000000000000000e+02 3.808333333333333015e-02
1.760000000000000000e+02 3.788333333333333136e-02
1.770000000000000000e+02 3.693333333333333190e-02
1.780000000000000000e+02 3.649999999999999772e-02
1.790000000000000000e+02 3.649999999999999772e-02
1.800000000000000000e+02 3.643333333333333146e-02
1.810000000000000000e+02 3.769999999999999740e-02
1.820000000000000000e+02 3.751666666666666344e-02
1.830000000000000000e+02 3.703333333333333477e-02
1.840000000000000000e+02 3.801666666666666389e-02
1.850000000000000000e+02 3.713333333333333069e-02
1.860000000000000000e+02 3.670000000000000345e-02
1.870000000000000000e+02 3.776666666666666367e-02
1.880000000000000000e+02 3.624999999999999750e-02
1.890000000000000000e+02 3.615000000000000158e-02
1.900000000000000000e+02 3.658333333333333576e-02
1.910000000000000000e+02 3.685000000000000081e-02
1.920000000000000000e+02 3.696666666666666851e-02
1.930000000000000000e+02 3.588333333333333652e-02
1.940000000000000000e+02 3.604999999999999871e-02
1.950000000000000000e+02 3.665000000000000202e-02
1.960000000000000000e+02 3.528333333333333321e-02
1.970000000000000000e+02 3.546666666666666717e-02
1.980000000000000000e+02 3.603333333333333388e-02
1.990000000000000000e+02 3.693333333333333190e-02
2.000000000000000000e+02 3.649999999999999772e-02
2.010000000000000000e+02 3.541666666666666574e-02
2.020000000000000000e+02 3.520000000000000212e-02
2.030000000000000000e+02 3.496666666666666673e-02
2.040000000000000000e+02 3.579999999999999849e-02
2.050000000000000000e+02 3.833333333333333037e-02
2.060000000000000000e+02 3.498333333333333156e-02
2.070000000000000000e+02 3.513333333333333586e-02
2.080000000000000000e+02 3.618333333333333124e-02
2.090000000000000000e+02 3.649999999999999772e-02
2.100000000000000000e+02 3.483333333333333420e-02
2.110000000000000000e+02 3.620000000000000301e-02
2.120000000000000000e+02 3.520000000000000212e-02
2.130000000000000000e+02 3.495000000000000190e-02
2.140000000000000000e+02 3.481666666666666937e-02
2.150000000000000000e+02 3.463333333333333541e-02
2.160000000000000000e+02 3.450000000000000289e-02
2.170000000000000000e+02 3.526666666666666838e-02
2.180000000000000000e+02 3.549999999999999684e-02
2.190000000000000000e+02 3.416666666666666463e-02
2.200000000000000000e+02 3.511666666666666409e-02
2.210000000000000000e+02 3.526666666666666838e-02
2.220000000000000000e+02 3.468333333333332991e-02
2.230000000000000000e+02 3.738333333333333092e-02
2.240000000000000000e+02 3.473333333333333134e-02
2.250000000000000000e+02 3.604999999999999871e-02
2.260000000000000000e+02 3.529999999999999805e-02
2.270000000000000000e+02 3.528333333333333321e-02
2.280000000000000000e+02 3.568333333333333079e-02
2.290000000000000000e+02 3.459999999999999881e-02
2.300000000000000000e+02 3.470000000000000168e-02
2.310000000000000000e+02 3.461666666666666364e-02
2.320000000000000000e+02 3.484999999999999903e-02
2.330000000000000000e+02 3.396666666666666584e-02
2.340000000000000000e+02 3.396666666666666584e-02
2.350000000000000000e+02 3.358333333333333309e-02
2.360000000000000000e+02 3.426666666666666750e-02
2.370000000000000000e+02 3.396666666666666584e-02
2.380000000000000000e+02 3.673333333333333311e-02
2.390000000000000000e+02 3.599999999999999728e-02
2.400000000000000000e+02 3.373333333333333045e-02
2.410000000000000000e+02 3.448333333333333112e-02
2.420000000000000000e+02 3.454999999999999738e-02
2.430000000000000000e+02 3.436666666666666342e-02
2.440000000000000000e+02 3.283333333333333243e-02
2.450000000000000000e+02 3.386666666666666992e-02
2.460000000000000000e+02 3.323333333333333001e-02
2.470000000000000000e+02 3.293333333333333529e-02
2.480000000000000000e+02 3.353333333333333166e-02
2.490000000000000000e+02 3.305000000000000299e-02
2.500000000000000000e+02 3.421666666666666606e-02
2.510000000000000000e+02 3.339999999999999913e-02
2.520000000000000000e+02 3.408333333333333354e-02
2.530000000000000000e+02 3.443333333333333662e-02
2.540000000000000000e+02 3.239999999999999825e-02
2.550000000000000000e+02 3.351666666666666683e-02
2.560000000000000000e+02 3.326666666666666661e-02
2.570000000000000000e+02 3.371666666666666562e-02
2.580000000000000000e+02 3.501666666666666816e-02
2.590000000000000000e+02 3.398333333333333067e-02
2.600000000000000000e+02 3.251666666666666594e-02
2.610000000000000000e+02 3.301666666666666639e-02
2.620000000000000000e+02 3.236666666666666858e-02
2.630000000000000000e+02 3.271666666666666473e-02
2.640000000000000000e+02 3.205000000000000210e-02
2.650000000000000000e+02 3.196666666666666407e-02
2.660000000000000000e+02 3.255000000000000254e-02
2.670000000000000000e+02 3.438333333333333519e-02
2.680000000000000000e+02 3.153333333333332988e-02
2.690000000000000000e+02 3.289999999999999869e-02
2.700000000000000000e+02 3.320000000000000034e-02
2.710000000000000000e+02 3.346666666666666540e-02
2.720000000000000000e+02 3.388333333333333475e-02
2.730000000000000000e+02 3.345000000000000057e-02
2.740000000000000000e+02 3.193333333333333440e-02
2.750000000000000000e+02 3.183333333333333154e-02
2.760000000000000000e+02 3.266666666666666330e-02
2.770000000000000000e+02 3.321666666666666518e-02
2.780000000000000000e+02 3.148333333333333539e-02
2.790000000000000000e+02 3.288333333333333386e-02
2.800000000000000000e+02 3.208333333333333176e-02
2.810000000000000000e+02 3.230000000000000232e-02
2.820000000000000000e+02 3.161666666666666792e-02
2.830000000000000000e+02 3.236666666666666858e-02
2.840000000000000000e+02 3.241666666666667002e-02
2.850000000000000000e+02 3.136666666666666770e-02
2.860000000000000000e+02 3.273333333333333650e-02
2.870000000000000000e+02 3.188333333333333297e-02
2.880000000000000000e+02 3.153333333333332988e-02
2.890000000000000000e+02 3.314999999999999891e-02
2.900000000000000000e+02 3.183333333333333154e-02
2.910000000000000000e+02 3.186666666666666814e-02
2.920000000000000000e+02 3.161666666666666792e-02
2.930000000000000000e+02 3.078333333333333269e-02
2.940000000000000000e+02 3.253333333333333077e-02
2.950000000000000000e+02 3.109999999999999917e-02
2.960000000000000000e+02 3.193333333333333440e-02
2.970000000000000000e+02 3.269999999999999990e-02
2.980000000000000000e+02 3.115000000000000061e-02
2.990000000000000000e+02 3.051666666666666763e-02
3.000000000000000000e+02 3.194999999999999923e-02
3.010000000000000000e+02 3.263333333333333364e-02
3.020000000000000000e+02 3.186666666666666814e-02
3.030000000000000000e+02 3.034999999999999851e-02
3.040000000000000000e+02 3.153333333333332988e-02
3.050000000000000000e+02 3.153333333333332988e-02
3.060000000000000000e+02 3.076666666666666786e-02
3.070000000000000000e+02 3.033333333333333368e-02
3.080000000000000000e+02 3.148333333333333539e-02
3.090000000000000000e+02 3.115000000000000061e-02
3.100000000000000000e+02 2.953333333333333505e-02
3.110000000000000000e+02 3.168333333333333418e-02
3.120000000000000000e+02 3.121666666666666687e-02
3.130000000000000000e+02 3.128333333333333660e-02
3.140000000000000000e+02 3.178333333333333011e-02
3.150000000000000000e+02 3.091666666666666521e-02
3.160000000000000000e+02 3.135000000000000286e-02
3.170000000000000000e+02 3.126666666666666483e-02
3.180000000000000000e+02 2.991666666666666780e-02
3.190000000000000000e+02 3.055000000000000077e-02
3.200000000000000000e+02 3.098333333333333495e-02
3.210000000000000000e+02 3.106666666666666604e-02
3.220000000000000000e+02 3.148333333333333539e-02
3.230000000000000000e+02 3.151666666666666505e-02
3.240000000000000000e+02 3.033333333333333368e-02
3.250000000000000000e+02 2.914999999999999883e-02
3.260000000000000000e+02 2.939999999999999905e-02
3.270000000000000000e+02 3.168333333333333418e-02
3.280000000000000000e+02 3.135000000000000286e-02
3.290000000000000000e+02 2.970000000000000070e-02
3.300000000000000000e+02 2.976666666666666697e-02
3.310000000000000000e+02 3.136666666666666770e-02
3.320000000000000000e+02 3.163333333333333275e-02
3.330000000000000000e+02 2.931666666666666796e-02
3.340000000000000000e+02 2.896666666666666834e-02
3.350000000000000000e+02 3.038333333333333164e-02
3.360000000000000000e+02 2.989999999999999949e-02
3.370000000000000000e+02 3.119999999999999857e-02
3.380000000000000000e+02 3.045000000000000137e-02
3.390000000000000000e+02 3.180000000000000188e-02
3.400000000000000000e+02 2.983333333333333323e-02
3.410000000000000000e+02 2.949999999999999845e-02
3.420000000000000000e+02 2.971666666666666554e-02
3.430000000000000000e+02 3.061666666666666703e-02
3.440000000000000000e+02 3.081666666666666582e-02
3.450000000000000000e+02 2.996666666666666576e-02
3.460000000000000000e+02 3.001666666666666719e-02
3.470000000000000000e+02 2.966666666666666757e-02
3.480000000000000000e+02 2.933333333333333279e-02
3.490000000000000000e+02 2.953333333333333505e-02
3.500000000000000000e+02 3.068333333333333329e-02
3.510000000000000000e+02 2.864999999999999838e-02
3.520000000000000000e+02 2.939999999999999905e-02
3.530000000000000000e+02 3.059999999999999873e-02
3.540000000000000000e+02 2.946666666666666531e-02
3.550000000000000000e+02 2.946666666666666531e-02
3.560000000000000000e+02 2.873333333333333295e-02
3.570000000000000000e+02 3.005000000000000032e-02
3.580000000000000000e+02 2.860000000000000042e-02
3.590000000000000000e+02 2.844999999999999959e-02
3.600000000000000000e+02 2.781666666666666662e-02
3.610000000000000000e+02 2.833333333333333190e-02
3.620000000000000000e+02 2.844999999999999959e-02
3.630000000000000000e+02 2.888333333333333378e-02
3.640000000000000000e+02 2.906666666666666773e-02
3.650000000000000000e+02 2.829999999999999877e-02
3.660000000000000000e+02 2.873333333333333295e-02
3.670000000000000000e+02 2.806666666666666685e-02
3.680000000000000000e+02 3.020000000000000115e-02
3.690000000000000000e+02 2.898333333333333317e-02
3.700000000000000000e+02 2.933333333333333279e-02
3.710000000000000000e+02 2.821666666666666767e-02
3.720000000000000000e+02 2.943333333333333218e-02
3.730000000000000000e+02 2.879999999999999921e-02
3.740000000000000000e+02 2.933333333333333279e-02
3.750000000000000000e+02 2.900000000000000147e-02
3.760000000000000000e+02 2.960000000000000131e-02
3.770000000000000000e+02 2.840000000000000163e-02
3.780000000000000000e+02 2.811666666666666828e-02
3.790000000000000000e+02 2.838333333333333333e-02
3.800000000000000000e+02 2.871666666666666812e-02
3.810000000000000000e+02 2.949999999999999845e-02
3.820000000000000000e+02 2.844999999999999959e-02
3.830000000000000000e+02 2.798333333333333228e-02
3.840000000000000000e+02 2.904999999999999943e-02
3.850000000000000000e+02 2.898333333333333317e-02
3.860000000000000000e+02 2.840000000000000163e-02
3.870000000000000000e+02 2.879999999999999921e-02
3.880000000000000000e+02 2.938333333333333422e-02
3.890000000000000000e+02 2.819999999999999937e-02
3.900000000000000000e+02 3.005000000000000032e-02
3.910000000000000000e+02 2.883333333333333234e-02
3.920000000000000000e+02 2.786666666666666806e-02
3.930000000000000000e+02 2.784999999999999976e-02
3.940000000000000000e+02 2.784999999999999976e-02
3.950000000000000000e+02 2.838333333333333333e-02
3.960000000000000000e+02 2.878333333333333438e-02
3.970000000000000000e+02 2.743333333333333388e-02
3.980000000000000000e+02 2.973333333333333384e-02
3.990000000000000000e+02 2.798333333333333228e-02
4.000000000000000000e+02 2.711666666666666739e-02
4.010000000000000000e+02 2.946666666666666531e-02
4.020000000000000000e+02 2.796666666666666745e-02
4.030000000000000000e+02 2.843333333333333476e-02
4.040000000000000000e+02 2.733333333333333448e-02
4.050000000000000000e+02 2.734999999999999931e-02
4.060000000000000000e+02 2.759999999999999953e-02
4.070000000000000000e+02 2.708333333333333426e-02
4.080000000000000000e+02 2.758333333333333470e-02
4.090000000000000000e+02 2.866666666666666669e-02
4.100000000000000000e+02 2.768333333333333410e-02
4.110000000000000000e+02 2.726666666666666822e-02
4.120000000000000000e+02 2.818333333333333454e-02
4.130000000000000000e+02 2.815000000000000141e-02
4.140000000000000000e+02 2.846666666666666790e-02
4.150000000000000000e+02 2.724999999999999992e-02
4.160000000000000000e+02 2.730000000000000135e-02
4.170000000000000000e+02 2.794999999999999915e-02
4.180000000000000000e+02 2.854999999999999899e-02
4.190000000000000000e+02 2.823333333333333250e-02
4.200000000000000000e+02 2.775000000000000036e-02
4.210000000000000000e+02 2.755000000000000157e-02
4.220000000000000000e+02 2.798333333333333228e-02
4.230000000000000000e+02 2.769999999999999893e-02
4.240000000000000000e+02 2.715000000000000052e-02
4.250000000000000000e+02 2.716666666666666535e-02
4.260000000000000000e+02 2.683333333333333404e-02
4.270000000000000000e+02 2.695000000000000173e-02
4.280000000000000000e+02 2.691666666666666513e-02
4.290000000000000000e+02 2.769999999999999893e-02
4.300000000000000000e+02 2.818333333333333454e-02
4.310000000000000000e+02 2.803333333333333371e-02
4.320000000000000000e+02 2.666666666666666838e-02
4.330000000000000000e+02 2.648333333333333442e-02
4.340000000000000000e+02 2.763333333333333267e-02
4.350000000000000000e+02 2.748333333333333184e-02
4.360000000000000000e+02 2.778333333333333349e-02
4.370000000000000000e+02 2.680000000000000090e-02
4.380000000000000000e+02 2.755000000000000157e-02
4.390000000000000000e+02 2.776666666666666519e-02
4.400000000000000000e+02 2.658333333333333381e-02
4.410000000000000000e+02 2.733333333333333448e-02
4.420000000000000000e+02 2.665000000000000008e-02
4.430000000000000000e+02 2.681666666666666574e-02
4.440000000000000000e+02 2.690000000000000030e-02
4.450000000000000000e+02 2.686666666666666717e-02
4.460000000000000000e+02 2.721666666666666679e-02
4.470000000000000000e+02 2.668333333333333321e-02
4.480000000000000000e+02 2.634999999999999842e-02
4.490000000000000000e+02 2.698333333333333486e-02
4.500000000000000000e+02 2.740000000000000074e-02
4.510000000000000000e+02 2.611666666666666650e-02
4.520000000000000000e+02 2.641666666666666816e-02
4.530000000000000000e+02 2.639999999999999986e-02
4.540000000000000000e+02 2.666666666666666838e-02
4.550000000000000000e+02 2.628333333333333216e-02
4.560000000000000000e+02 2.705000000000000113e-02
4.570000000000000000e+02 2.583333333333333315e-02
4.580000000000000000e+02 2.761666666666666783e-02
4.590000000000000000e+02 2.653333333333333238e-02
4.600000000000000000e+02 2.591666666666666771e-02
4.610000000000000000e+02 2.623333333333333420e-02
4.620000000000000000e+02 2.634999999999999842e-02
4.630000000000000000e+02 2.634999999999999842e-02
4.640000000000000000e+02 2.673333333333333464e-02
4.650000000000000000e+02 2.646666666666666612e-02
4.660000000000000000e+02 2.528333333333333474e-02
4.670000000000000000e+02 2.506666666666666765e-02
4.680000000000000000e+02 2.560000000000000123e-02
4.690000000000000000e+02 2.508333333333333248e-02
4.700000000000000000e+02 2.538333333333333414e-02
4.710000000000000000e+02 2.659999999999999865e-02
4.720000000000000000e+02 2.646666666666666612e-02
4.730000000000000000e+02 2.556666666666666810e-02
4.740000000000000000e+02 2.641666666666666816e-02
4.750000000000000000e+02 2.585000000000000145e-02
4.760000000000000000e+02 2.574999999999999858e-02
4.770000000000000000e+02 2.583333333333333315e-02
4.780000000000000000e+02 2.695000000000000173e-02
4.790000000000000000e+02 2.593333333333333254e-02
4.800000000000000000e+02 2.596666666666666567e-02
4.810000000000000000e+02 2.681666666666666574e-02
4.820000000000000000e+02 2.623333333333333420e-02
4.830000000000000000e+02 2.621666666666666590e-02
4.840000000000000000e+02 2.603333333333333194e-02
4.850000000000000000e+02 2.665000000000000008e-02
4.860000000000000000e+02 2.639999999999999986e-02
4.870000000000000000e+02 2.613333333333333480e-02
4.880000000000000000e+02 2.670000000000000151e-02
4.890000000000000000e+02 2.551666666666666666e-02
4.900000000000000000e+02 2.570000000000000062e-02
4.910000000000000000e+02 2.560000000000000123e-02
4.920000000000000000e+02 2.618333333333333277e-02
4.930000000000000000e+02 2.560000000000000123e-02
4.940000000000000000e+02 2.586666666666666628e-02
4.950000000000000000e+02 2.574999999999999858e-02
4.960000000000000000e+02 2.645000000000000129e-02
4.970000000000000000e+02 2.510000000000000078e-02
4.980000000000000000e+02 2.493333333333333166e-02
4.990000000000000000e+02 2.731666666666666618e-02
