0.000000000000000000e+00 8.399999999999999689e-01
1.000000000000000000e+02 6.500000000000000222e-01
2.000000000000000000e+02 3.800000000000000044e-01
3.000000000000000000e+02 2.899999999999999800e-01
4.000000000000000000e+02 2.099999999999999922e-01
5.000000000000000000e+02 1.300000000000000044e-01
6.000000000000000000e+02 1.199999999999999956e-01
7.000000000000000000e+02 1.100000000000000006e-01
8.000000000000000000e+02 1.100000000000000006e-01
9.000000000000000000e+02 1.100000000000000006e-01
