0.000000000000000000e+00 3.375000000000000222e-01
1.000000000000000000e+00 1.275000000000000022e-01
2.000000000000000000e+00 9.900000000000000466e-02
3.000000000000000000e+00 8.450000000000000566e-02
4.000000000000000000e+00 7.449999999999999678e-02
5.000000000000000000e+00 6.550000000000000266e-02
6.000000000000000000e+00 5.999999999999999778e-02
7.000000000000000000e+00 5.850000000000000339e-02
8.000000000000000000e+00 5.650000000000000161e-02
9.000000000000000000e+00 5.600000000000000117e-02
1.000000000000000000e+01 5.399999999999999939e-02
1.100000000000000000e+01 5.249999999999999806e-02
1.200000000000000000e+01 5.050000000000000322e-02
1.300000000000000000e+01 4.850000000000000144e-02
1.400000000000000000e+01 4.700000000000000011e-02
1.500000000000000000e+01 4.599999999999999922e-02
1.600000000000000000e+01 4.449999999999999789e-02
1.700000000000000000e+01 4.349999999999999700e-02
1.800000000000000000e+01 4.399999999999999745e-02
1.900000000000000000e+01 4.299999999999999656e-02
2.000000000000000000e+01 4.299999999999999656e-02
2.100000000000000000e+01 4.050000000000000128e-02
2.200000000000000000e+01 3.849999999999999950e-02
2.300000000000000000e+01 3.699999999999999817e-02
2.400000000000000000e+01 3.450000000000000289e-02
2.500000000000000000e+01 3.450000000000000289e-02
2.600000000000000000e+01 3.500000000000000333e-02
2.700000000000000000e+01 3.549999999999999684e-02
2.800000000000000000e+01 3.500000000000000333e-02
2.900000000000000000e+01 3.400000000000000244e-02
