0.000000000000000000e+00 6.625000000000000333e-02
1.000000000000000000e+00 5.525000000000000050e-02
2.000000000000000000e+00 5.149999999999999717e-02
3.000000000000000000e+00 5.700000000000000205e-02
4.000000000000000000e+00 6.675000000000000377e-02
5.000000000000000000e+00 7.099999999999999367e-02
6.000000000000000000e+00 6.325000000000000067e-02
7.000000000000000000e+00 6.750000000000000444e-02
8.000000000000000000e+00 5.475000000000000006e-02
9.000000000000000000e+00 5.274999999999999828e-02
1.000000000000000000e+01 5.675000000000000183e-02
1.100000000000000000e+01 5.199999999999999761e-02
1.200000000000000000e+01 4.100000000000000172e-02
1.300000000000000000e+01 4.100000000000000172e-02
1.400000000000000000e+01 3.049999999999999933e-02
1.500000000000000000e+01 2.974999999999999867e-02
1.600000000000000000e+01 3.099999999999999978e-02
1.700000000000000000e+01 2.949999999999999845e-02
1.800000000000000000e+01 4.474999999999999811e-02
1.900000000000000000e+01 3.175000000000000044e-02
2.000000000000000000e+01 2.949999999999999845e-02
2.100000000000000000e+01 2.574999999999999858e-02
2.200000000000000000e+01 2.549999999999999836e-02
2.300000000000000000e+01 2.475000000000000117e-02
2.400000000000000000e+01 2.400000000000000050e-02
2.500000000000000000e+01 2.350000000000000006e-02
2.600000000000000000e+01 2.249999999999999917e-02
2.700000000000000000e+01 2.249999999999999917e-02
2.800000000000000000e+01 2.274999999999999939e-02
2.900000000000000000e+01 2.825000000000000080e-02
3.000000000000000000e+01 2.574999999999999858e-02
3.100000000000000000e+01 3.175000000000000044e-02
3.200000000000000000e+01 2.500000000000000139e-02
3.300000000000000000e+01 3.225000000000000089e-02
3.400000000000000000e+01 2.525000000000000161e-02
3.500000000000000000e+01 2.649999999999999925e-02
3.600000000000000000e+01 3.524999999999999661e-02
3.700000000000000000e+01 2.549999999999999836e-02
3.800000000000000000e+01 2.425000000000000072e-02
3.900000000000000000e+01 2.900000000000000147e-02
4.000000000000000000e+01 2.249999999999999917e-02
4.100000000000000000e+01 2.199999999999999872e-02
4.200000000000000000e+01 2.149999999999999828e-02
4.300000000000000000e+01 2.125000000000000153e-02
4.400000000000000000e+01 2.149999999999999828e-02
4.500000000000000000e+01 2.125000000000000153e-02
4.600000000000000000e+01 2.125000000000000153e-02
4.700000000000000000e+01 2.149999999999999828e-02
4.800000000000000000e+01 2.149999999999999828e-02
4.900000000000000000e+01 2.125000000000000153e-02
5.000000000000000000e+01 2.125000000000000153e-02
5.100000000000000000e+01 2.125000000000000153e-02
5.200000000000000000e+01 2.100000000000000130e-02
5.300000000000000000e+01 2.100000000000000130e-02
5.400000000000000000e+01 2.100000000000000130e-02
5.500000000000000000e+01 2.100000000000000130e-02
5.600000000000000000e+01 2.100000000000000130e-02
5.700000000000000000e+01 2.100000000000000130e-02
5.800000000000000000e+01 2.075000000000000108e-02
5.900000000000000000e+01 2.075000000000000108e-02
6.000000000000000000e+01 2.075000000000000108e-02
6.100000000000000000e+01 2.075000000000000108e-02
6.200000000000000000e+01 2.075000000000000108e-02
6.300000000000000000e+01 2.075000000000000108e-02
6.400000000000000000e+01 2.075000000000000108e-02
6.500000000000000000e+01 2.075000000000000108e-02
6.600000000000000000e+01 2.075000000000000108e-02
6.700000000000000000e+01 2.075000000000000108e-02
6.800000000000000000e+01 2.075000000000000108e-02
6.900000000000000000e+01 2.075000000000000108e-02
7.000000000000000000e+01 2.075000000000000108e-02
7.100000000000000000e+01 2.075000000000000108e-02
7.200000000000000000e+01 2.075000000000000108e-02
7.300000000000000000e+01 2.075000000000000108e-02
7.400000000000000000e+01 2.075000000000000108e-02
7.500000000000000000e+01 2.050000000000000086e-02
7.600000000000000000e+01 2.050000000000000086e-02
7.700000000000000000e+01 2.050000000000000086e-02
7.800000000000000000e+01 2.050000000000000086e-02
7.900000000000000000e+01 2.050000000000000086e-02
