0.000000000000000000e+00 9.950000000000000511e-02
1.000000000000000000e+00 2.939999999999999836e-01
2.000000000000000000e+00 8.250000000000000389e-02
3.000000000000000000e+00 6.750000000000000444e-02
4.000000000000000000e+00 6.450000000000000178e-02
5.000000000000000000e+00 6.450000000000000178e-02
6.000000000000000000e+00 6.099999999999999867e-02
7.000000000000000000e+00 6.049999999999999822e-02
8.000000000000000000e+00 5.999999999999999778e-02
9.000000000000000000e+00 5.650000000000000161e-02
1.000000000000000000e+01 6.149999999999999911e-02
1.100000000000000000e+01 6.500000000000000222e-02
1.200000000000000000e+01 4.950000000000000233e-02
1.300000000000000000e+01 5.000000000000000278e-02
1.400000000000000000e+01 4.549999999999999878e-02
1.500000000000000000e+01 4.850000000000000144e-02
1.600000000000000000e+01 4.299999999999999656e-02
1.700000000000000000e+01 4.050000000000000128e-02
1.800000000000000000e+01 4.100000000000000172e-02
1.900000000000000000e+01 5.050000000000000322e-02
2.000000000000000000e+01 4.150000000000000216e-02
2.100000000000000000e+01 3.699999999999999817e-02
2.200000000000000000e+01 3.599999999999999728e-02
2.300000000000000000e+01 3.500000000000000333e-02
2.400000000000000000e+01 4.050000000000000128e-02
2.500000000000000000e+01 4.299999999999999656e-02
2.600000000000000000e+01 3.599999999999999728e-02
2.700000000000000000e+01 3.649999999999999772e-02
2.800000000000000000e+01 3.099999999999999978e-02
2.900000000000000000e+01 2.949999999999999845e-02
3.000000000000000000e+01 3.200000000000000067e-02
3.100000000000000000e+01 3.049999999999999933e-02
3.200000000000000000e+01 2.999999999999999889e-02
3.300000000000000000e+01 2.900000000000000147e-02
3.400000000000000000e+01 2.900000000000000147e-02
3.500000000000000000e+01 2.549999999999999836e-02
3.600000000000000000e+01 2.500000000000000139e-02
3.700000000000000000e+01 2.500000000000000139e-02
3.800000000000000000e+01 2.500000000000000139e-02
3.900000000000000000e+01 2.500000000000000139e-02
4.000000000000000000e+01 2.500000000000000139e-02
4.100000000000000000e+01 2.400000000000000050e-02
4.200000000000000000e+01 2.400000000000000050e-02
4.300000000000000000e+01 2.400000000000000050e-02
4.400000000000000000e+01 2.450000000000000094e-02
4.500000000000000000e+01 2.450000000000000094e-02
4.600000000000000000e+01 2.850000000000000103e-02
4.700000000000000000e+01 2.699999999999999969e-02
4.800000000000000000e+01 2.299999999999999961e-02
4.900000000000000000e+01 2.350000000000000006e-02
5.000000000000000000e+01 2.199999999999999872e-02
5.100000000000000000e+01 2.450000000000000094e-02
5.200000000000000000e+01 2.649999999999999925e-02
5.300000000000000000e+01 2.999999999999999889e-02
5.400000000000000000e+01 2.500000000000000139e-02
5.500000000000000000e+01 2.500000000000000139e-02
5.600000000000000000e+01 2.599999999999999881e-02
5.700000000000000000e+01 2.450000000000000094e-02
5.800000000000000000e+01 2.400000000000000050e-02
5.900000000000000000e+01 2.450000000000000094e-02
6.000000000000000000e+01 2.549999999999999836e-02
6.100000000000000000e+01 2.350000000000000006e-02
6.200000000000000000e+01 2.299999999999999961e-02
6.300000000000000000e+01 2.299999999999999961e-02
6.400000000000000000e+01 2.249999999999999917e-02
6.500000000000000000e+01 2.400000000000000050e-02
6.600000000000000000e+01 2.299999999999999961e-02
6.700000000000000000e+01 2.149999999999999828e-02
6.800000000000000000e+01 2.000000000000000042e-02
6.900000000000000000e+01 2.149999999999999828e-02
7.000000000000000000e+01 2.249999999999999917e-02
7.100000000000000000e+01 2.100000000000000130e-02
7.200000000000000000e+01 2.100000000000000130e-02
7.300000000000000000e+01 2.149999999999999828e-02
7.400000000000000000e+01 2.100000000000000130e-02
7.500000000000000000e+01 2.000000000000000042e-02
7.600000000000000000e+01 2.000000000000000042e-02
7.700000000000000000e+01 1.899999999999999953e-02
7.800000000000000000e+01 1.899999999999999953e-02
7.900000000000000000e+01 1.949999999999999997e-02
