0.000000000000000000e+00 2.939999999999999836e-01
1.000000000000000000e+00 2.939999999999999836e-01
2.000000000000000000e+00 1.554999999999999993e-01
3.000000000000000000e+00 1.995000000000000107e-01
4.000000000000000000e+00 1.044999999999999957e-01
5.000000000000000000e+00 1.189999999999999947e-01
6.000000000000000000e+00 1.234999999999999987e-01
7.000000000000000000e+00 1.145000000000000046e-01
8.000000000000000000e+00 9.900000000000000466e-02
9.000000000000000000e+00 1.034999999999999948e-01
1.000000000000000000e+01 1.095000000000000001e-01
1.100000000000000000e+01 1.110000000000000014e-01
1.200000000000000000e+01 2.109999999999999931e-01
1.300000000000000000e+01 2.439999999999999947e-01
1.400000000000000000e+01 1.005000000000000060e-01
1.500000000000000000e+01 1.015000000000000069e-01
1.600000000000000000e+01 9.900000000000000466e-02
1.700000000000000000e+01 1.155000000000000054e-01
1.800000000000000000e+01 1.100000000000000006e-01
1.900000000000000000e+01 9.900000000000000466e-02
2.000000000000000000e+01 1.950000000000000067e-01
2.100000000000000000e+01 2.939999999999999836e-01
2.200000000000000000e+01 1.940000000000000058e-01
2.300000000000000000e+01 2.220000000000000029e-01
2.400000000000000000e+01 2.939999999999999836e-01
2.500000000000000000e+01 2.949999999999999845e-01
2.600000000000000000e+01 2.959999999999999853e-01
2.700000000000000000e+01 2.944999999999999840e-01
2.800000000000000000e+01 1.774999999999999911e-01
2.900000000000000000e+01 2.944999999999999840e-01
