0.000000000000000000e+00 5.634000000000000119e-01
1.000000000000000000e+00 3.699000000000000066e-01
2.000000000000000000e+00 3.085999999999999854e-01
3.000000000000000000e+00 2.834999999999999742e-01
4.000000000000000000e+00 2.697999999999999843e-01
5.000000000000000000e+00 2.571999999999999842e-01
6.000000000000000000e+00 2.398000000000000131e-01
7.000000000000000000e+00 2.419999999999999929e-01
8.000000000000000000e+00 2.296999999999999875e-01
9.000000000000000000e+00 2.124000000000000055e-01
1.000000000000000000e+01 2.099999999999999922e-01
1.100000000000000000e+01 2.036000000000000032e-01
1.200000000000000000e+01 1.962000000000000133e-01
1.300000000000000000e+01 1.875000000000000000e-01
1.400000000000000000e+01 1.862000000000000044e-01
1.500000000000000000e+01 1.824999999999999956e-01
1.600000000000000000e+01 1.844000000000000083e-01
1.700000000000000000e+01 1.802999999999999881e-01
1.800000000000000000e+01 1.711999999999999911e-01
1.900000000000000000e+01 1.655999999999999972e-01
2.000000000000000000e+01 1.663000000000000034e-01
2.100000000000000000e+01 1.597999999999999976e-01
2.200000000000000000e+01 1.612999999999999989e-01
2.300000000000000000e+01 1.512000000000000011e-01
2.400000000000000000e+01 1.489000000000000046e-01
2.500000000000000000e+01 1.499999999999999944e-01
2.600000000000000000e+01 1.376000000000000001e-01
2.700000000000000000e+01 1.439999999999999891e-01
2.800000000000000000e+01 1.388000000000000067e-01
2.900000000000000000e+01 1.416000000000000036e-01
3.000000000000000000e+01 1.332000000000000128e-01
3.100000000000000000e+01 1.279000000000000137e-01
3.200000000000000000e+01 1.322000000000000119e-01
3.300000000000000000e+01 1.228999999999999954e-01
3.400000000000000000e+01 1.208000000000000046e-01
3.500000000000000000e+01 1.199000000000000066e-01
3.600000000000000000e+01 1.194000000000000061e-01
3.700000000000000000e+01 1.226000000000000006e-01
3.800000000000000000e+01 1.222000000000000031e-01
3.900000000000000000e+01 1.174000000000000044e-01
4.000000000000000000e+01 1.160999999999999949e-01
4.100000000000000000e+01 1.132999999999999979e-01
4.200000000000000000e+01 1.087999999999999939e-01
4.300000000000000000e+01 1.047000000000000014e-01
4.400000000000000000e+01 1.055999999999999994e-01
4.500000000000000000e+01 1.020999999999999963e-01
4.600000000000000000e+01 1.015999999999999959e-01
4.700000000000000000e+01 1.044999999999999957e-01
4.800000000000000000e+01 1.009000000000000036e-01
4.900000000000000000e+01 9.840000000000000135e-02
5.000000000000000000e+01 9.410000000000000309e-02
5.100000000000000000e+01 9.529999999999999583e-02
5.200000000000000000e+01 9.750000000000000333e-02
5.300000000000000000e+01 8.770000000000000018e-02
5.400000000000000000e+01 8.749999999999999445e-02
5.500000000000000000e+01 9.149999999999999800e-02
5.600000000000000000e+01 8.680000000000000215e-02
5.700000000000000000e+01 8.580000000000000127e-02
5.800000000000000000e+01 8.490000000000000324e-02
5.900000000000000000e+01 8.140000000000000013e-02
6.000000000000000000e+01 8.469999999999999751e-02
6.100000000000000000e+01 8.000000000000000167e-02
6.200000000000000000e+01 8.129999999999999727e-02
6.300000000000000000e+01 8.060000000000000497e-02
6.400000000000000000e+01 7.639999999999999569e-02
6.500000000000000000e+01 7.560000000000000053e-02
6.600000000000000000e+01 7.549999999999999767e-02
6.700000000000000000e+01 7.799999999999999989e-02
6.800000000000000000e+01 7.320000000000000118e-02
6.900000000000000000e+01 7.359999999999999876e-02
7.000000000000000000e+01 6.890000000000000291e-02
7.100000000000000000e+01 7.230000000000000315e-02
7.200000000000000000e+01 6.930000000000000049e-02
7.300000000000000000e+01 6.740000000000000158e-02
7.400000000000000000e+01 6.590000000000000024e-02
7.500000000000000000e+01 6.569999999999999452e-02
7.600000000000000000e+01 6.890000000000000291e-02
7.700000000000000000e+01 7.480000000000000537e-02
7.800000000000000000e+01 6.550000000000000266e-02
7.900000000000000000e+01 6.710000000000000686e-02
8.000000000000000000e+01 6.210000000000000242e-02
8.100000000000000000e+01 6.119999999999999746e-02
8.200000000000000000e+01 5.999999999999999778e-02
8.300000000000000000e+01 6.320000000000000617e-02
8.400000000000000000e+01 6.260000000000000286e-02
8.500000000000000000e+01 6.250000000000000000e-02
8.600000000000000000e+01 6.219999999999999835e-02
8.700000000000000000e+01 5.670000000000000040e-02
8.800000000000000000e+01 5.630000000000000282e-02
8.900000000000000000e+01 5.580000000000000238e-02
9.000000000000000000e+01 5.720000000000000084e-02
9.100000000000000000e+01 5.559999999999999665e-02
9.200000000000000000e+01 5.559999999999999665e-02
9.300000000000000000e+01 5.469999999999999862e-02
9.400000000000000000e+01 5.630000000000000282e-02
9.500000000000000000e+01 5.090000000000000080e-02
9.600000000000000000e+01 5.179999999999999882e-02
9.700000000000000000e+01 4.970000000000000112e-02
9.800000000000000000e+01 5.500000000000000028e-02
9.900000000000000000e+01 5.199999999999999761e-02
