0.000000000000000000e+00 2.939999999999999836e-01
1.000000000000000000e+00 2.770000000000000240e-01
2.000000000000000000e+00 1.325000000000000067e-01
3.000000000000000000e+00 8.649999999999999356e-02
4.000000000000000000e+00 7.599999999999999811e-02
5.000000000000000000e+00 6.800000000000000488e-02
6.000000000000000000e+00 6.750000000000000444e-02
7.000000000000000000e+00 6.400000000000000133e-02
8.000000000000000000e+00 6.300000000000000044e-02
9.000000000000000000e+00 6.250000000000000000e-02
1.000000000000000000e+01 6.049999999999999822e-02
1.100000000000000000e+01 5.949999999999999734e-02
1.200000000000000000e+01 5.949999999999999734e-02
1.300000000000000000e+01 5.949999999999999734e-02
1.400000000000000000e+01 5.999999999999999778e-02
1.500000000000000000e+01 5.949999999999999734e-02
1.600000000000000000e+01 5.850000000000000339e-02
1.700000000000000000e+01 5.899999999999999689e-02
1.800000000000000000e+01 5.850000000000000339e-02
1.900000000000000000e+01 5.850000000000000339e-02
2.000000000000000000e+01 5.850000000000000339e-02
2.100000000000000000e+01 5.850000000000000339e-02
2.200000000000000000e+01 5.899999999999999689e-02
2.300000000000000000e+01 5.899999999999999689e-02
2.400000000000000000e+01 5.850000000000000339e-02
2.500000000000000000e+01 5.899999999999999689e-02
2.600000000000000000e+01 5.999999999999999778e-02
2.700000000000000000e+01 6.049999999999999822e-02
2.800000000000000000e+01 6.049999999999999822e-02
2.900000000000000000e+01 6.099999999999999867e-02
3.000000000000000000e+01 6.099999999999999867e-02
3.100000000000000000e+01 6.099999999999999867e-02
3.200000000000000000e+01 6.099999999999999867e-02
3.300000000000000000e+01 6.099999999999999867e-02
3.400000000000000000e+01 6.099999999999999867e-02
3.500000000000000000e+01 6.099999999999999867e-02
3.600000000000000000e+01 6.099999999999999867e-02
3.700000000000000000e+01 6.099999999999999867e-02
3.800000000000000000e+01 6.099999999999999867e-02
3.900000000000000000e+01 6.099999999999999867e-02
4.000000000000000000e+01 6.099999999999999867e-02
4.100000000000000000e+01 6.099999999999999867e-02
4.200000000000000000e+01 6.099999999999999867e-02
4.300000000000000000e+01 6.099999999999999867e-02
4.400000000000000000e+01 6.099999999999999867e-02
4.500000000000000000e+01 6.099999999999999867e-02
4.600000000000000000e+01 6.099999999999999867e-02
4.700000000000000000e+01 6.099999999999999867e-02
4.800000000000000000e+01 6.099999999999999867e-02
4.900000000000000000e+01 6.099999999999999867e-02
