0.000000000000000000e+00 8.098214285714286365e-02
1.000000000000000000e+00 5.854166666666666546e-02
2.000000000000000000e+00 4.845238095238095510e-02
3.000000000000000000e+00 4.386904761904762001e-02
4.000000000000000000e+00 4.000000000000000083e-02
5.000000000000000000e+00 3.767857142857142932e-02
6.000000000000000000e+00 3.520833333333333454e-02
7.000000000000000000e+00 3.517857142857142710e-02
8.000000000000000000e+00 3.294642857142857095e-02
9.000000000000000000e+00 3.113095238095238068e-02
1.000000000000000000e+01 2.946428571428571369e-02
1.100000000000000000e+01 2.842261904761904726e-02
1.200000000000000000e+01 2.663690476190476095e-02
1.300000000000000000e+01 2.497023809523809396e-02
1.400000000000000000e+01 2.407738095238095080e-02
1.500000000000000000e+01 2.324404761904761904e-02
1.600000000000000000e+01 2.324404761904761904e-02
1.700000000000000000e+01 2.294642857142857248e-02
1.800000000000000000e+01 2.166666666666666741e-02
1.900000000000000000e+01 2.083333333333333218e-02
2.000000000000000000e+01 2.008928571428571577e-02
2.100000000000000000e+01 1.967261904761904642e-02
2.200000000000000000e+01 1.883928571428571466e-02
2.300000000000000000e+01 1.800595238095237943e-02
2.400000000000000000e+01 1.812499999999999875e-02
2.500000000000000000e+01 1.755952380952380959e-02
2.600000000000000000e+01 1.755952380952380959e-02
2.700000000000000000e+01 1.669642857142857040e-02
2.800000000000000000e+01 1.645833333333333176e-02
2.900000000000000000e+01 1.571428571428571536e-02
3.000000000000000000e+01 1.544642857142857102e-02
3.100000000000000000e+01 1.458333333333333356e-02
3.200000000000000000e+01 1.449404761904761821e-02
3.300000000000000000e+01 1.446428571428571425e-02
3.400000000000000000e+01 1.345238095238095177e-02
3.500000000000000000e+01 1.315476190476190521e-02
3.600000000000000000e+01 1.291666666666666657e-02
3.700000000000000000e+01 1.232142857142857172e-02
3.800000000000000000e+01 1.267857142857142794e-02
3.900000000000000000e+01 1.163690476190476150e-02
4.000000000000000000e+01 1.157738095238095184e-02
4.100000000000000000e+01 1.089285714285714336e-02
4.200000000000000000e+01 1.107142857142857061e-02
4.300000000000000000e+01 1.068452380952380869e-02
4.400000000000000000e+01 1.023809523809523885e-02
4.500000000000000000e+01 1.035714285714285643e-02
4.600000000000000000e+01 9.880952380952380890e-03
4.700000000000000000e+01 9.821428571428571230e-03
4.800000000000000000e+01 1.014880952380952349e-02
4.900000000000000000e+01 1.000000000000000021e-02
5.000000000000000000e+01 9.374999999999999653e-03
5.100000000000000000e+01 9.047619047619047394e-03
5.200000000000000000e+01 8.541666666666666158e-03
5.300000000000000000e+01 8.511904761904762196e-03
5.400000000000000000e+01 8.422619047619046839e-03
5.500000000000000000e+01 8.273809523809523558e-03
5.600000000000000000e+01 7.619047619047619041e-03
5.700000000000000000e+01 7.797619047619048019e-03
5.800000000000000000e+01 7.321428571428571612e-03
5.900000000000000000e+01 7.351190476190476442e-03
6.000000000000000000e+01 7.083333333333332975e-03
6.100000000000000000e+01 6.904761904761904864e-03
6.200000000000000000e+01 6.904761904761904864e-03
6.300000000000000000e+01 6.696428571428571057e-03
6.400000000000000000e+01 6.279761904761905177e-03
6.500000000000000000e+01 6.398809523809523628e-03
6.600000000000000000e+01 6.488095238095238117e-03
6.700000000000000000e+01 6.279761904761905177e-03
6.800000000000000000e+01 6.220238095238095517e-03
6.900000000000000000e+01 6.041666666666666539e-03
7.000000000000000000e+01 6.130952380952381028e-03
7.100000000000000000e+01 5.952380952380952051e-03
7.200000000000000000e+01 5.565476190476190133e-03
7.300000000000000000e+01 5.952380952380952051e-03
7.400000000000000000e+01 5.714285714285714281e-03
7.500000000000000000e+01 5.952380952380952051e-03
7.600000000000000000e+01 5.357142857142857192e-03
7.700000000000000000e+01 5.238095238095237874e-03
7.800000000000000000e+01 5.059523809523809763e-03
7.900000000000000000e+01 4.821428571428571126e-03
8.000000000000000000e+01 4.851190476190475956e-03
8.100000000000000000e+01 4.732142857142857505e-03
8.200000000000000000e+01 4.761904761904762334e-03
8.300000000000000000e+01 5.029761904761904934e-03
8.400000000000000000e+01 5.238095238095237874e-03
8.500000000000000000e+01 4.494047619047618868e-03
8.600000000000000000e+01 4.910714285714285615e-03
8.700000000000000000e+01 4.434523809523809208e-03
8.800000000000000000e+01 4.583333333333333356e-03
8.900000000000000000e+01 4.434523809523809208e-03
9.000000000000000000e+01 4.434523809523809208e-03
9.100000000000000000e+01 4.375000000000000416e-03
9.200000000000000000e+01 4.255952380952381098e-03
9.300000000000000000e+01 4.077380952380952120e-03
9.400000000000000000e+01 4.107142857142856950e-03
9.500000000000000000e+01 4.255952380952381098e-03
9.600000000000000000e+01 4.255952380952381098e-03
9.700000000000000000e+01 3.869047619047619180e-03
9.800000000000000000e+01 3.898809523809524009e-03
9.900000000000000000e+01 4.047619047619047290e-03
