0.000000000000000000e+00 6.525000000000000244e-02
1.000000000000000000e+00 5.650000000000000161e-02
2.000000000000000000e+00 5.725000000000000228e-02
3.000000000000000000e+00 5.475000000000000006e-02
4.000000000000000000e+00 4.850000000000000144e-02
5.000000000000000000e+00 4.449999999999999789e-02
6.000000000000000000e+00 4.324999999999999678e-02
7.000000000000000000e+00 4.599999999999999922e-02
8.000000000000000000e+00 6.074999999999999845e-02
9.000000000000000000e+00 4.624999999999999944e-02
1.000000000000000000e+01 5.324999999999999872e-02
1.100000000000000000e+01 3.799999999999999906e-02
1.200000000000000000e+01 4.725000000000000033e-02
1.300000000000000000e+01 4.750000000000000056e-02
1.400000000000000000e+01 4.674999999999999989e-02
1.500000000000000000e+01 2.925000000000000169e-02
1.600000000000000000e+01 3.049999999999999933e-02
1.700000000000000000e+01 3.225000000000000089e-02
1.800000000000000000e+01 2.724999999999999992e-02
1.900000000000000000e+01 2.800000000000000058e-02
2.000000000000000000e+01 3.599999999999999728e-02
2.100000000000000000e+01 2.825000000000000080e-02
2.200000000000000000e+01 2.800000000000000058e-02
2.300000000000000000e+01 2.549999999999999836e-02
2.400000000000000000e+01 2.525000000000000161e-02
2.500000000000000000e+01 2.475000000000000117e-02
2.600000000000000000e+01 3.225000000000000089e-02
2.700000000000000000e+01 2.900000000000000147e-02
2.800000000000000000e+01 2.875000000000000125e-02
2.900000000000000000e+01 2.999999999999999889e-02
3.000000000000000000e+01 2.400000000000000050e-02
3.100000000000000000e+01 2.249999999999999917e-02
3.200000000000000000e+01 2.174999999999999850e-02
3.300000000000000000e+01 2.100000000000000130e-02
3.400000000000000000e+01 2.100000000000000130e-02
3.500000000000000000e+01 2.100000000000000130e-02
3.600000000000000000e+01 2.100000000000000130e-02
3.700000000000000000e+01 2.100000000000000130e-02
3.800000000000000000e+01 2.100000000000000130e-02
3.900000000000000000e+01 2.100000000000000130e-02
4.000000000000000000e+01 2.100000000000000130e-02
4.100000000000000000e+01 2.100000000000000130e-02
4.200000000000000000e+01 2.100000000000000130e-02
4.300000000000000000e+01 2.100000000000000130e-02
4.400000000000000000e+01 2.075000000000000108e-02
4.500000000000000000e+01 2.149999999999999828e-02
4.600000000000000000e+01 2.100000000000000130e-02
4.700000000000000000e+01 2.075000000000000108e-02
4.800000000000000000e+01 2.075000000000000108e-02
4.900000000000000000e+01 2.075000000000000108e-02
5.000000000000000000e+01 2.075000000000000108e-02
5.100000000000000000e+01 2.075000000000000108e-02
5.200000000000000000e+01 2.075000000000000108e-02
5.300000000000000000e+01 2.075000000000000108e-02
5.400000000000000000e+01 2.075000000000000108e-02
5.500000000000000000e+01 2.075000000000000108e-02
5.600000000000000000e+01 2.075000000000000108e-02
5.700000000000000000e+01 2.075000000000000108e-02
5.800000000000000000e+01 2.075000000000000108e-02
5.900000000000000000e+01 2.075000000000000108e-02
6.000000000000000000e+01 2.075000000000000108e-02
6.100000000000000000e+01 2.075000000000000108e-02
6.200000000000000000e+01 2.075000000000000108e-02
6.300000000000000000e+01 2.075000000000000108e-02
6.400000000000000000e+01 2.075000000000000108e-02
6.500000000000000000e+01 2.075000000000000108e-02
6.600000000000000000e+01 2.075000000000000108e-02
6.700000000000000000e+01 2.075000000000000108e-02
6.800000000000000000e+01 2.075000000000000108e-02
6.900000000000000000e+01 2.075000000000000108e-02
7.000000000000000000e+01 2.075000000000000108e-02
7.100000000000000000e+01 2.075000000000000108e-02
7.200000000000000000e+01 2.075000000000000108e-02
7.300000000000000000e+01 2.075000000000000108e-02
7.400000000000000000e+01 2.075000000000000108e-02
7.500000000000000000e+01 2.075000000000000108e-02
7.600000000000000000e+01 2.075000000000000108e-02
7.700000000000000000e+01 2.075000000000000108e-02
7.800000000000000000e+01 2.075000000000000108e-02
7.900000000000000000e+01 2.075000000000000108e-02
