0.000000000000000000e+00 2.354166666666666630e-01
1.000000000000000000e+00 2.124333333333333351e-01
2.000000000000000000e+00 1.941333333333333244e-01
3.000000000000000000e+00 1.956833333333333202e-01
4.000000000000000000e+00 1.723833333333333329e-01
5.000000000000000000e+00 1.705166666666666775e-01
6.000000000000000000e+00 1.672833333333333394e-01
7.000000000000000000e+00 1.684166666666666590e-01
8.000000000000000000e+00 1.656333333333333269e-01
9.000000000000000000e+00 1.594333333333333436e-01
1.000000000000000000e+01 1.512333333333333307e-01
1.100000000000000000e+01 1.632166666666666766e-01
1.200000000000000000e+01 1.588499999999999912e-01
1.300000000000000000e+01 1.453666666666666718e-01
1.400000000000000000e+01 1.455833333333333424e-01
1.500000000000000000e+01 1.482499999999999929e-01
1.600000000000000000e+01 1.445333333333333470e-01
1.700000000000000000e+01 1.446666666666666656e-01
1.800000000000000000e+01 1.452666666666666551e-01
1.900000000000000000e+01 1.501833333333333353e-01
2.000000000000000000e+01 1.456999999999999962e-01
2.100000000000000000e+01 1.367333333333333456e-01
2.200000000000000000e+01 1.315999999999999948e-01
2.300000000000000000e+01 1.330666666666666664e-01
2.400000000000000000e+01 1.270166666666666666e-01
2.500000000000000000e+01 1.302000000000000102e-01
2.600000000000000000e+01 1.307833333333333348e-01
2.700000000000000000e+01 1.309333333333333460e-01
2.800000000000000000e+01 1.277000000000000079e-01
2.900000000000000000e+01 1.271500000000000130e-01
3.000000000000000000e+01 1.225333333333333274e-01
3.100000000000000000e+01 1.256500000000000117e-01
3.200000000000000000e+01 1.259833333333333361e-01
3.300000000000000000e+01 1.236666666666666609e-01
3.400000000000000000e+01 1.239833333333333343e-01
3.500000000000000000e+01 1.214166666666666727e-01
3.600000000000000000e+01 1.248166666666666730e-01
3.700000000000000000e+01 1.168666666666666604e-01
3.800000000000000000e+01 1.308666666666666589e-01
3.900000000000000000e+01 1.192000000000000004e-01
