0.000000000000000000e+00 2.959999999999999853e-01
1.000000000000000000e+00 1.034999999999999948e-01
2.000000000000000000e+00 9.049999999999999711e-02
3.000000000000000000e+00 8.400000000000000522e-02
4.000000000000000000e+00 7.950000000000000122e-02
5.000000000000000000e+00 7.249999999999999500e-02
6.000000000000000000e+00 7.099999999999999367e-02
7.000000000000000000e+00 6.900000000000000577e-02
8.000000000000000000e+00 6.850000000000000533e-02
9.000000000000000000e+00 6.650000000000000355e-02
1.000000000000000000e+01 6.350000000000000089e-02
1.100000000000000000e+01 6.400000000000000133e-02
1.200000000000000000e+01 6.250000000000000000e-02
1.300000000000000000e+01 6.250000000000000000e-02
1.400000000000000000e+01 6.149999999999999911e-02
1.500000000000000000e+01 6.049999999999999822e-02
1.600000000000000000e+01 5.899999999999999689e-02
1.700000000000000000e+01 5.750000000000000250e-02
1.800000000000000000e+01 5.600000000000000117e-02
1.900000000000000000e+01 5.449999999999999983e-02
2.000000000000000000e+01 5.449999999999999983e-02
2.100000000000000000e+01 5.349999999999999895e-02
2.200000000000000000e+01 5.299999999999999850e-02
2.300000000000000000e+01 5.149999999999999717e-02
2.400000000000000000e+01 5.000000000000000278e-02
2.500000000000000000e+01 5.050000000000000322e-02
2.600000000000000000e+01 5.000000000000000278e-02
2.700000000000000000e+01 4.800000000000000100e-02
2.800000000000000000e+01 4.700000000000000011e-02
2.900000000000000000e+01 4.599999999999999922e-02
