0.000000000000000000e+00 8.450000000000000566e-02
1.000000000000000000e+00 6.800000000000000488e-02
2.000000000000000000e+00 6.550000000000000266e-02
3.000000000000000000e+00 7.199999999999999456e-02
4.000000000000000000e+00 6.800000000000000488e-02
5.000000000000000000e+00 6.900000000000000577e-02
6.000000000000000000e+00 7.249999999999999500e-02
7.000000000000000000e+00 7.099999999999999367e-02
8.000000000000000000e+00 6.450000000000000178e-02
9.000000000000000000e+00 5.750000000000000250e-02
1.000000000000000000e+01 5.700000000000000205e-02
1.100000000000000000e+01 5.700000000000000205e-02
1.200000000000000000e+01 5.800000000000000294e-02
1.300000000000000000e+01 5.850000000000000339e-02
1.400000000000000000e+01 5.750000000000000250e-02
1.500000000000000000e+01 5.600000000000000117e-02
1.600000000000000000e+01 5.850000000000000339e-02
1.700000000000000000e+01 5.750000000000000250e-02
1.800000000000000000e+01 5.800000000000000294e-02
1.900000000000000000e+01 5.700000000000000205e-02
