0.000000000000000000e+00 1.338499999999999968e-01
1.000000000000000000e+00 1.350500000000000034e-01
2.000000000000000000e+00 1.140499999999999986e-01
3.000000000000000000e+00 1.083833333333333315e-01
4.000000000000000000e+00 1.055999999999999994e-01
5.000000000000000000e+00 1.018499999999999961e-01
6.000000000000000000e+00 9.644999999999999407e-02
7.000000000000000000e+00 1.044333333333333363e-01
8.000000000000000000e+00 9.921666666666666134e-02
9.000000000000000000e+00 8.144999999999999463e-02
1.000000000000000000e+01 8.476666666666667072e-02
1.100000000000000000e+01 8.256666666666666321e-02
1.200000000000000000e+01 8.073333333333333750e-02
1.300000000000000000e+01 7.904999999999999527e-02
1.400000000000000000e+01 7.758333333333333748e-02
1.500000000000000000e+01 8.158333333333332715e-02
1.600000000000000000e+01 7.564999999999999503e-02
1.700000000000000000e+01 7.236666666666666248e-02
1.800000000000000000e+01 7.023333333333332817e-02
1.900000000000000000e+01 7.019999999999999851e-02
2.000000000000000000e+01 6.948333333333332751e-02
2.100000000000000000e+01 6.946666666666666268e-02
2.200000000000000000e+01 6.988333333333333897e-02
2.300000000000000000e+01 6.504999999999999671e-02
2.400000000000000000e+01 6.433333333333333959e-02
2.500000000000000000e+01 6.279999999999999472e-02
2.600000000000000000e+01 6.191666666666666846e-02
2.700000000000000000e+01 6.508333333333334025e-02
2.800000000000000000e+01 6.868333333333333235e-02
2.900000000000000000e+01 6.233333333333333087e-02
3.000000000000000000e+01 6.010000000000000064e-02
3.100000000000000000e+01 6.091666666666666757e-02
3.200000000000000000e+01 6.188333333333333186e-02
3.300000000000000000e+01 5.973333333333333273e-02
3.400000000000000000e+01 6.031666666666666426e-02
3.500000000000000000e+01 6.191666666666666846e-02
3.600000000000000000e+01 6.224999999999999978e-02
3.700000000000000000e+01 5.933333333333333515e-02
3.800000000000000000e+01 6.228333333333333638e-02
3.900000000000000000e+01 5.659999999999999754e-02
4.000000000000000000e+01 5.854999999999999788e-02
4.100000000000000000e+01 5.623333333333333656e-02
4.200000000000000000e+01 5.806666666666666921e-02
4.300000000000000000e+01 5.621666666666666479e-02
4.400000000000000000e+01 5.713333333333333458e-02
4.500000000000000000e+01 5.711666666666666975e-02
4.600000000000000000e+01 5.485000000000000292e-02
4.700000000000000000e+01 5.645000000000000018e-02
4.800000000000000000e+01 5.473333333333333522e-02
4.900000000000000000e+01 5.521666666666666390e-02
5.000000000000000000e+01 5.285000000000000114e-02
5.100000000000000000e+01 5.378333333333333577e-02
5.200000000000000000e+01 5.439999999999999697e-02
5.300000000000000000e+01 5.758333333333333359e-02
5.400000000000000000e+01 5.648333333333333678e-02
5.500000000000000000e+01 5.421666666666666995e-02
5.600000000000000000e+01 5.308333333333333653e-02
5.700000000000000000e+01 5.410000000000000225e-02
5.800000000000000000e+01 5.224999999999999784e-02
5.900000000000000000e+01 5.195000000000000312e-02
6.000000000000000000e+01 5.131666666666666321e-02
6.100000000000000000e+01 5.166666666666666630e-02
6.200000000000000000e+01 5.188333333333332992e-02
6.300000000000000000e+01 5.131666666666666321e-02
6.400000000000000000e+01 5.388333333333333169e-02
6.500000000000000000e+01 4.766666666666666968e-02
6.600000000000000000e+01 5.129999999999999838e-02
6.700000000000000000e+01 4.803333333333333066e-02
6.800000000000000000e+01 5.158333333333333520e-02
6.900000000000000000e+01 5.226666666666666961e-02
7.000000000000000000e+01 4.905000000000000332e-02
7.100000000000000000e+01 4.836666666666666892e-02
7.200000000000000000e+01 4.881666666666666793e-02
7.300000000000000000e+01 4.861666666666666914e-02
7.400000000000000000e+01 5.041666666666666519e-02
7.500000000000000000e+01 4.836666666666666892e-02
7.600000000000000000e+01 4.864999999999999880e-02
7.700000000000000000e+01 5.025000000000000300e-02
7.800000000000000000e+01 4.954999999999999682e-02
7.900000000000000000e+01 4.821666666666666462e-02
8.000000000000000000e+01 4.663333333333333219e-02
8.100000000000000000e+01 4.599999999999999922e-02
8.200000000000000000e+01 4.881666666666666793e-02
8.300000000000000000e+01 4.501666666666667010e-02
8.400000000000000000e+01 4.528333333333333516e-02
8.500000000000000000e+01 4.639999999999999680e-02
8.600000000000000000e+01 4.736666666666666803e-02
8.700000000000000000e+01 4.608333333333333032e-02
8.800000000000000000e+01 4.658333333333333076e-02
8.900000000000000000e+01 4.490000000000000241e-02
9.000000000000000000e+01 4.661666666666666736e-02
9.100000000000000000e+01 4.778333333333333044e-02
9.200000000000000000e+01 4.563333333333333131e-02
9.300000000000000000e+01 4.853333333333333111e-02
9.400000000000000000e+01 4.925000000000000211e-02
9.500000000000000000e+01 4.529999999999999999e-02
9.600000000000000000e+01 4.581666666666666526e-02
9.700000000000000000e+01 4.391666666666666635e-02
9.800000000000000000e+01 4.791666666666666990e-02
9.900000000000000000e+01 4.606666666666666549e-02
1.000000000000000000e+02 4.426666666666666944e-02
1.010000000000000000e+02 4.348333333333333217e-02
1.020000000000000000e+02 4.503333333333333494e-02
1.030000000000000000e+02 4.428333333333333427e-02
1.040000000000000000e+02 4.381666666666666349e-02
1.050000000000000000e+02 4.396666666666666778e-02
1.060000000000000000e+02 4.445000000000000340e-02
1.070000000000000000e+02 4.271666666666666667e-02
1.080000000000000000e+02 4.228333333333333249e-02
1.090000000000000000e+02 4.429999999999999910e-02
1.100000000000000000e+02 4.428333333333333427e-02
1.110000000000000000e+02 4.261666666666666381e-02
1.120000000000000000e+02 4.370000000000000273e-02
1.130000000000000000e+02 4.151666666666666700e-02
1.140000000000000000e+02 4.371666666666666756e-02
1.150000000000000000e+02 4.126666666666666677e-02
1.160000000000000000e+02 4.313333333333333602e-02
1.170000000000000000e+02 4.175000000000000239e-02
1.180000000000000000e+02 4.241666666666666502e-02
1.190000000000000000e+02 4.266666666666666524e-02
1.200000000000000000e+02 4.103333333333333138e-02
1.210000000000000000e+02 4.101666666666666655e-02
1.220000000000000000e+02 4.293333333333333030e-02
1.230000000000000000e+02 4.223333333333333106e-02
1.240000000000000000e+02 4.143333333333333590e-02
1.250000000000000000e+02 4.028333333333333072e-02
1.260000000000000000e+02 4.130000000000000338e-02
1.270000000000000000e+02 4.154999999999999666e-02
1.280000000000000000e+02 4.128333333333333161e-02
1.290000000000000000e+02 4.030000000000000249e-02
1.300000000000000000e+02 4.073333333333333667e-02
1.310000000000000000e+02 4.263333333333333558e-02
1.320000000000000000e+02 4.178333333333333205e-02
1.330000000000000000e+02 4.039999999999999841e-02
1.340000000000000000e+02 4.131666666666666821e-02
1.350000000000000000e+02 4.186666666666667008e-02
1.360000000000000000e+02 3.991666666666666974e-02
1.370000000000000000e+02 4.006666666666666710e-02
1.380000000000000000e+02 4.481666666666666438e-02
1.390000000000000000e+02 4.136666666666666964e-02
1.400000000000000000e+02 4.046666666666666468e-02
1.410000000000000000e+02 4.118333333333333568e-02
1.420000000000000000e+02 4.208333333333333370e-02
1.430000000000000000e+02 4.005000000000000226e-02
1.440000000000000000e+02 4.034999999999999698e-02
1.450000000000000000e+02 4.025000000000000105e-02
1.460000000000000000e+02 4.248333333333333128e-02
1.470000000000000000e+02 4.046666666666666468e-02
1.480000000000000000e+02 4.254999999999999755e-02
1.490000000000000000e+02 4.021666666666666445e-02
1.500000000000000000e+02 4.315000000000000085e-02
1.510000000000000000e+02 4.070000000000000007e-02
1.520000000000000000e+02 3.923333333333333534e-02
1.530000000000000000e+02 4.170000000000000095e-02
1.540000000000000000e+02 3.846666666666666984e-02
1.550000000000000000e+02 3.888333333333333225e-02
1.560000000000000000e+02 3.975000000000000061e-02
1.570000000000000000e+02 3.935000000000000303e-02
1.580000000000000000e+02 3.955000000000000182e-02
1.590000000000000000e+02 3.953333333333333005e-02
1.600000000000000000e+02 3.921666666666666357e-02
1.610000000000000000e+02 4.003333333333333049e-02
1.620000000000000000e+02 3.960000000000000325e-02
1.630000000000000000e+02 3.988333333333333314e-02
1.640000000000000000e+02 4.133333333333333304e-02
1.650000000000000000e+02 4.044999999999999984e-02
1.660000000000000000e+02 3.906666666666666621e-02
1.670000000000000000e+02 3.973333333333333578e-02
1.680000000000000000e+02 3.939999999999999752e-02
1.690000000000000000e+02 4.120000000000000051e-02
1.700000000000000000e+02 3.981666666666666687e-02
1.710000000000000000e+02 3.991666666666666974e-02
1.720000000000000000e+02 3.986666666666666831e-02
1.730000000000000000e+02 4.009999999999999676e-02
1.740000000000000000e+02 4.091666666666666369e-02
1.750000000000000000e+02 3.906666666666666621e-02
1.760000000000000000e+02 3.933333333333333126e-02
1.770000000000000000e+02 3.891666666666666885e-02
1.780000000000000000e+02 3.803333333333333566e-02
1.790000000000000000e+02 3.790000000000000313e-02
1.800000000000000000e+02 4.063333333333333380e-02
1.810000000000000000e+02 3.951666666666666522e-02
1.820000000000000000e+02 3.819999999999999785e-02
1.830000000000000000e+02 3.839999999999999664e-02
1.840000000000000000e+02 3.740000000000000269e-02
1.850000000000000000e+02 3.808333333333333015e-02
1.860000000000000000e+02 3.836666666666666697e-02
1.870000000000000000e+02 3.683333333333333598e-02
1.880000000000000000e+02 3.766666666666666774e-02
1.890000000000000000e+02 3.693333333333333190e-02
1.900000000000000000e+02 3.556666666666667004e-02
1.910000000000000000e+02 3.788333333333333136e-02
1.920000000000000000e+02 3.938333333333333269e-02
1.930000000000000000e+02 3.753333333333333521e-02
1.940000000000000000e+02 3.781666666666666510e-02
1.950000000000000000e+02 3.740000000000000269e-02
1.960000000000000000e+02 3.738333333333333092e-02
1.970000000000000000e+02 3.620000000000000301e-02
1.980000000000000000e+02 3.788333333333333136e-02
1.990000000000000000e+02 3.676666666666666972e-02
2.000000000000000000e+02 3.841666666666666841e-02
2.010000000000000000e+02 3.776666666666666367e-02
2.020000000000000000e+02 3.794999999999999762e-02
2.030000000000000000e+02 3.758333333333333665e-02
2.040000000000000000e+02 3.773333333333333400e-02
2.050000000000000000e+02 3.731666666666666465e-02
2.060000000000000000e+02 3.839999999999999664e-02
2.070000000000000000e+02 3.794999999999999762e-02
2.080000000000000000e+02 3.566666666666666596e-02
2.090000000000000000e+02 3.621666666666666784e-02
2.100000000000000000e+02 3.761666666666666631e-02
2.110000000000000000e+02 3.735000000000000125e-02
2.120000000000000000e+02 3.713333333333333069e-02
2.130000000000000000e+02 3.735000000000000125e-02
2.140000000000000000e+02 3.503333333333333299e-02
2.150000000000000000e+02 3.765000000000000291e-02
2.160000000000000000e+02 3.746666666666666895e-02
2.170000000000000000e+02 3.849999999999999950e-02
2.180000000000000000e+02 3.801666666666666389e-02
2.190000000000000000e+02 3.871666666666667006e-02
2.200000000000000000e+02 3.554999999999999827e-02
2.210000000000000000e+02 3.524999999999999661e-02
2.220000000000000000e+02 3.546666666666666717e-02
2.230000000000000000e+02 3.490000000000000047e-02
2.240000000000000000e+02 3.636666666666666520e-02
2.250000000000000000e+02 3.688333333333333047e-02
2.260000000000000000e+02 3.543333333333333057e-02
2.270000000000000000e+02 3.621666666666666784e-02
2.280000000000000000e+02 3.363333333333333452e-02
2.290000000000000000e+02 3.426666666666666750e-02
2.300000000000000000e+02 3.554999999999999827e-02
2.310000000000000000e+02 3.618333333333333124e-02
2.320000000000000000e+02 3.551666666666666861e-02
2.330000000000000000e+02 3.570000000000000256e-02
2.340000000000000000e+02 3.483333333333333420e-02
2.350000000000000000e+02 3.383333333333333331e-02
2.360000000000000000e+02 3.371666666666666562e-02
2.370000000000000000e+02 3.386666666666666992e-02
2.380000000000000000e+02 3.450000000000000289e-02
2.390000000000000000e+02 3.378333333333333188e-02
2.400000000000000000e+02 3.358333333333333309e-02
2.410000000000000000e+02 3.375000000000000222e-02
2.420000000000000000e+02 3.359999999999999792e-02
2.430000000000000000e+02 3.446666666666666629e-02
2.440000000000000000e+02 3.426666666666666750e-02
2.450000000000000000e+02 3.545000000000000234e-02
2.460000000000000000e+02 3.403333333333333210e-02
2.470000000000000000e+02 3.431666666666666893e-02
2.480000000000000000e+02 3.521666666666666695e-02
2.490000000000000000e+02 3.395000000000000101e-02
2.500000000000000000e+02 3.356666666666666826e-02
2.510000000000000000e+02 3.398333333333333067e-02
2.520000000000000000e+02 3.356666666666666826e-02
2.530000000000000000e+02 3.431666666666666893e-02
2.540000000000000000e+02 3.358333333333333309e-02
2.550000000000000000e+02 3.443333333333333662e-02
2.560000000000000000e+02 3.350000000000000200e-02
2.570000000000000000e+02 3.513333333333333586e-02
2.580000000000000000e+02 3.498333333333333156e-02
2.590000000000000000e+02 3.685000000000000081e-02
2.600000000000000000e+02 3.643333333333333146e-02
2.610000000000000000e+02 3.429999999999999716e-02
2.620000000000000000e+02 3.541666666666666574e-02
2.630000000000000000e+02 3.553333333333333344e-02
2.640000000000000000e+02 3.346666666666666540e-02
2.650000000000000000e+02 3.568333333333333079e-02
2.660000000000000000e+02 3.368333333333333596e-02
2.670000000000000000e+02 3.543333333333333057e-02
2.680000000000000000e+02 3.546666666666666717e-02
2.690000000000000000e+02 3.453333333333333255e-02
2.700000000000000000e+02 3.364999999999999936e-02
2.710000000000000000e+02 3.416666666666666463e-02
2.720000000000000000e+02 3.370000000000000079e-02
2.730000000000000000e+02 3.484999999999999903e-02
2.740000000000000000e+02 3.189999999999999780e-02
2.750000000000000000e+02 3.513333333333333586e-02
2.760000000000000000e+02 3.346666666666666540e-02
2.770000000000000000e+02 3.396666666666666584e-02
2.780000000000000000e+02 3.431666666666666893e-02
2.790000000000000000e+02 3.426666666666666750e-02
2.800000000000000000e+02 3.406666666666666871e-02
2.810000000000000000e+02 3.206666666666666693e-02
2.820000000000000000e+02 3.305000000000000299e-02
2.830000000000000000e+02 3.375000000000000222e-02
2.840000000000000000e+02 3.339999999999999913e-02
2.850000000000000000e+02 3.296666666666666495e-02
2.860000000000000000e+02 3.316666666666666374e-02
2.870000000000000000e+02 3.168333333333333418e-02
2.880000000000000000e+02 3.366666666666666419e-02
2.890000000000000000e+02 3.339999999999999913e-02
2.900000000000000000e+02 3.155000000000000165e-02
2.910000000000000000e+02 3.353333333333333166e-02
2.920000000000000000e+02 3.443333333333333662e-02
2.930000000000000000e+02 3.316666666666666374e-02
2.940000000000000000e+02 3.216666666666666979e-02
2.950000000000000000e+02 3.328333333333333144e-02
2.960000000000000000e+02 3.211666666666666836e-02
2.970000000000000000e+02 3.538333333333333608e-02
2.980000000000000000e+02 3.286666666666666903e-02
2.990000000000000000e+02 3.306666666666666782e-02
3.000000000000000000e+02 3.193333333333333440e-02
3.010000000000000000e+02 3.218333333333333462e-02
3.020000000000000000e+02 3.231666666666666715e-02
3.030000000000000000e+02 3.193333333333333440e-02
3.040000000000000000e+02 3.231666666666666715e-02
3.050000000000000000e+02 3.185000000000000331e-02
3.060000000000000000e+02 3.150000000000000022e-02
3.070000000000000000e+02 3.313333333333333408e-02
3.080000000000000000e+02 3.200000000000000067e-02
3.090000000000000000e+02 3.193333333333333440e-02
3.100000000000000000e+02 3.209999999999999659e-02
3.110000000000000000e+02 3.084999999999999895e-02
3.120000000000000000e+02 3.326666666666666661e-02
3.130000000000000000e+02 3.275000000000000133e-02
3.140000000000000000e+02 3.178333333333333011e-02
3.150000000000000000e+02 3.283333333333333243e-02
3.160000000000000000e+02 3.020000000000000115e-02
3.170000000000000000e+02 3.230000000000000232e-02
3.180000000000000000e+02 3.278333333333333099e-02
3.190000000000000000e+02 3.350000000000000200e-02
3.200000000000000000e+02 3.289999999999999869e-02
3.210000000000000000e+02 3.313333333333333408e-02
3.220000000000000000e+02 3.178333333333333011e-02
3.230000000000000000e+02 3.098333333333333495e-02
3.240000000000000000e+02 3.049999999999999933e-02
3.250000000000000000e+02 2.954999999999999988e-02
3.260000000000000000e+02 3.031666666666666538e-02
3.270000000000000000e+02 3.221666666666666429e-02
3.280000000000000000e+02 3.131666666666666626e-02
3.290000000000000000e+02 3.111666666666666747e-02
3.300000000000000000e+02 3.191666666666666957e-02
3.310000000000000000e+02 3.138333333333333253e-02
3.320000000000000000e+02 3.198333333333333584e-02
3.330000000000000000e+02 3.113333333333333230e-02
3.340000000000000000e+02 3.108333333333333434e-02
3.350000000000000000e+02 3.111666666666666747e-02
3.360000000000000000e+02 3.108333333333333434e-02
3.370000000000000000e+02 3.078333333333333269e-02
3.380000000000000000e+02 2.985000000000000153e-02
3.390000000000000000e+02 2.951666666666666675e-02
3.400000000000000000e+02 3.171666666666666384e-02
3.410000000000000000e+02 3.178333333333333011e-02
3.420000000000000000e+02 3.115000000000000061e-02
3.430000000000000000e+02 2.989999999999999949e-02
3.440000000000000000e+02 3.031666666666666538e-02
3.450000000000000000e+02 3.121666666666666687e-02
3.460000000000000000e+02 3.178333333333333011e-02
3.470000000000000000e+02 3.049999999999999933e-02
3.480000000000000000e+02 3.163333333333333275e-02
3.490000000000000000e+02 2.918333333333333196e-02
3.500000000000000000e+02 3.046666666666666620e-02
3.510000000000000000e+02 2.951666666666666675e-02
3.520000000000000000e+02 2.903333333333333460e-02
3.530000000000000000e+02 2.879999999999999921e-02
3.540000000000000000e+02 2.998333333333333406e-02
3.550000000000000000e+02 2.981666666666666840e-02
3.560000000000000000e+02 2.866666666666666669e-02
3.570000000000000000e+02 3.086666666666666725e-02
3.580000000000000000e+02 3.009999999999999828e-02
3.590000000000000000e+02 3.024999999999999911e-02
3.600000000000000000e+02 3.150000000000000022e-02
3.610000000000000000e+02 3.055000000000000077e-02
3.620000000000000000e+02 2.938333333333333422e-02
3.630000000000000000e+02 3.021666666666666598e-02
3.640000000000000000e+02 3.084999999999999895e-02
3.650000000000000000e+02 2.885000000000000064e-02
3.660000000000000000e+02 2.974999999999999867e-02
3.670000000000000000e+02 3.008333333333333345e-02
3.680000000000000000e+02 3.036666666666666681e-02
3.690000000000000000e+02 2.936666666666666592e-02
3.700000000000000000e+02 2.983333333333333323e-02
3.710000000000000000e+02 3.086666666666666725e-02
3.720000000000000000e+02 3.133333333333333109e-02
3.730000000000000000e+02 2.996666666666666576e-02
3.740000000000000000e+02 3.045000000000000137e-02
3.750000000000000000e+02 2.821666666666666767e-02
3.760000000000000000e+02 2.945000000000000048e-02
3.770000000000000000e+02 2.928333333333333482e-02
3.780000000000000000e+02 3.058333333333333390e-02
3.790000000000000000e+02 2.881666666666666751e-02
3.800000000000000000e+02 2.995000000000000093e-02
3.810000000000000000e+02 2.864999999999999838e-02
3.820000000000000000e+02 2.926666666666666652e-02
3.830000000000000000e+02 2.956666666666666818e-02
3.840000000000000000e+02 3.115000000000000061e-02
3.850000000000000000e+02 2.935000000000000109e-02
3.860000000000000000e+02 2.970000000000000070e-02
3.870000000000000000e+02 3.200000000000000067e-02
3.880000000000000000e+02 3.078333333333333269e-02
3.890000000000000000e+02 2.923333333333333339e-02
3.900000000000000000e+02 2.918333333333333196e-02
3.910000000000000000e+02 3.034999999999999851e-02
3.920000000000000000e+02 2.963333333333333444e-02
3.930000000000000000e+02 2.833333333333333190e-02
3.940000000000000000e+02 2.876666666666666608e-02
3.950000000000000000e+02 2.968333333333333240e-02
3.960000000000000000e+02 2.804999999999999855e-02
3.970000000000000000e+02 2.860000000000000042e-02
3.980000000000000000e+02 2.936666666666666592e-02
3.990000000000000000e+02 2.923333333333333339e-02
4.000000000000000000e+02 2.958333333333333301e-02
4.010000000000000000e+02 2.878333333333333438e-02
4.020000000000000000e+02 2.771666666666666723e-02
4.030000000000000000e+02 2.813333333333333311e-02
4.040000000000000000e+02 2.900000000000000147e-02
4.050000000000000000e+02 2.800000000000000058e-02
4.060000000000000000e+02 2.864999999999999838e-02
4.070000000000000000e+02 2.949999999999999845e-02
4.080000000000000000e+02 2.835000000000000020e-02
4.090000000000000000e+02 2.911666666666666570e-02
4.100000000000000000e+02 2.875000000000000125e-02
4.110000000000000000e+02 2.904999999999999943e-02
4.120000000000000000e+02 2.796666666666666745e-02
4.130000000000000000e+02 2.786666666666666806e-02
4.140000000000000000e+02 2.835000000000000020e-02
4.150000000000000000e+02 2.756666666666666640e-02
4.160000000000000000e+02 2.740000000000000074e-02
4.170000000000000000e+02 2.858333333333333212e-02
4.180000000000000000e+02 2.808333333333333168e-02
4.190000000000000000e+02 2.833333333333333190e-02
4.200000000000000000e+02 2.995000000000000093e-02
4.210000000000000000e+02 2.841666666666666646e-02
4.220000000000000000e+02 2.813333333333333311e-02
4.230000000000000000e+02 2.751666666666666497e-02
4.240000000000000000e+02 2.751666666666666497e-02
4.250000000000000000e+02 2.759999999999999953e-02
4.260000000000000000e+02 2.670000000000000151e-02
4.270000000000000000e+02 2.716666666666666535e-02
4.280000000000000000e+02 2.721666666666666679e-02
4.290000000000000000e+02 2.744999999999999871e-02
4.300000000000000000e+02 2.708333333333333426e-02
4.310000000000000000e+02 2.648333333333333442e-02
4.320000000000000000e+02 2.740000000000000074e-02
4.330000000000000000e+02 2.768333333333333410e-02
4.340000000000000000e+02 2.803333333333333371e-02
4.350000000000000000e+02 2.686666666666666717e-02
4.360000000000000000e+02 2.695000000000000173e-02
4.370000000000000000e+02 2.825000000000000080e-02
4.380000000000000000e+02 2.825000000000000080e-02
4.390000000000000000e+02 2.816666666666666624e-02
4.400000000000000000e+02 2.586666666666666628e-02
4.410000000000000000e+02 2.728333333333333305e-02
4.420000000000000000e+02 2.743333333333333388e-02
4.430000000000000000e+02 2.740000000000000074e-02
4.440000000000000000e+02 2.813333333333333311e-02
4.450000000000000000e+02 2.791666666666666602e-02
4.460000000000000000e+02 2.738333333333333244e-02
4.470000000000000000e+02 2.670000000000000151e-02
4.480000000000000000e+02 2.794999999999999915e-02
4.490000000000000000e+02 2.985000000000000153e-02
4.500000000000000000e+02 2.670000000000000151e-02
4.510000000000000000e+02 2.693333333333333343e-02
4.520000000000000000e+02 2.671666666666666634e-02
4.530000000000000000e+02 2.776666666666666519e-02
4.540000000000000000e+02 2.556666666666666810e-02
4.550000000000000000e+02 2.671666666666666634e-02
4.560000000000000000e+02 2.786666666666666806e-02
4.570000000000000000e+02 2.833333333333333190e-02
4.580000000000000000e+02 2.681666666666666574e-02
4.590000000000000000e+02 2.605000000000000024e-02
4.600000000000000000e+02 2.875000000000000125e-02
4.610000000000000000e+02 2.740000000000000074e-02
4.620000000000000000e+02 2.753333333333333327e-02
4.630000000000000000e+02 2.768333333333333410e-02
4.640000000000000000e+02 2.746666666666666701e-02
4.650000000000000000e+02 2.873333333333333295e-02
4.660000000000000000e+02 2.638333333333333502e-02
4.670000000000000000e+02 2.686666666666666717e-02
4.680000000000000000e+02 2.676666666666666777e-02
4.690000000000000000e+02 2.801666666666666541e-02
4.700000000000000000e+02 2.861666666666666525e-02
4.710000000000000000e+02 2.871666666666666812e-02
4.720000000000000000e+02 2.784999999999999976e-02
4.730000000000000000e+02 2.668333333333333321e-02
4.740000000000000000e+02 2.786666666666666806e-02
4.750000000000000000e+02 2.943333333333333218e-02
4.760000000000000000e+02 2.844999999999999959e-02
4.770000000000000000e+02 2.606666666666666507e-02
4.780000000000000000e+02 2.680000000000000090e-02
4.790000000000000000e+02 2.656666666666666551e-02
4.800000000000000000e+02 2.723333333333333162e-02
4.810000000000000000e+02 2.676666666666666777e-02
4.820000000000000000e+02 2.561666666666666606e-02
4.830000000000000000e+02 2.623333333333333420e-02
4.840000000000000000e+02 2.678333333333333260e-02
4.850000000000000000e+02 2.680000000000000090e-02
4.860000000000000000e+02 2.734999999999999931e-02
4.870000000000000000e+02 2.620000000000000107e-02
4.880000000000000000e+02 2.668333333333333321e-02
4.890000000000000000e+02 2.529999999999999957e-02
4.900000000000000000e+02 2.666666666666666838e-02
4.910000000000000000e+02 2.616666666666666793e-02
4.920000000000000000e+02 2.744999999999999871e-02
4.930000000000000000e+02 2.611666666666666650e-02
4.940000000000000000e+02 2.648333333333333442e-02
4.950000000000000000e+02 2.608333333333333337e-02
4.960000000000000000e+02 2.634999999999999842e-02
4.970000000000000000e+02 2.688333333333333200e-02
4.980000000000000000e+02 2.591666666666666771e-02
4.990000000000000000e+02 2.596666666666666567e-02
