0.000000000000000000e+00 6.675000000000000377e-02
1.000000000000000000e+00 5.825000000000000316e-02
2.000000000000000000e+00 5.850000000000000339e-02
3.000000000000000000e+00 5.800000000000000294e-02
4.000000000000000000e+00 5.625000000000000139e-02
5.000000000000000000e+00 5.600000000000000117e-02
6.000000000000000000e+00 5.575000000000000094e-02
7.000000000000000000e+00 5.675000000000000183e-02
8.000000000000000000e+00 5.424999999999999961e-02
9.000000000000000000e+00 5.424999999999999961e-02
1.000000000000000000e+01 5.550000000000000072e-02
1.100000000000000000e+01 5.725000000000000228e-02
1.200000000000000000e+01 5.575000000000000094e-02
1.300000000000000000e+01 5.725000000000000228e-02
1.400000000000000000e+01 5.750000000000000250e-02
1.500000000000000000e+01 5.550000000000000072e-02
1.600000000000000000e+01 5.475000000000000006e-02
1.700000000000000000e+01 5.500000000000000028e-02
1.800000000000000000e+01 5.424999999999999961e-02
1.900000000000000000e+01 5.224999999999999784e-02
2.000000000000000000e+01 5.149999999999999717e-02
2.100000000000000000e+01 5.075000000000000344e-02
2.200000000000000000e+01 4.925000000000000211e-02
2.300000000000000000e+01 4.850000000000000144e-02
2.400000000000000000e+01 4.825000000000000122e-02
2.500000000000000000e+01 4.750000000000000056e-02
2.600000000000000000e+01 4.700000000000000011e-02
2.700000000000000000e+01 4.725000000000000033e-02
2.800000000000000000e+01 4.775000000000000078e-02
2.900000000000000000e+01 4.800000000000000100e-02
3.000000000000000000e+01 4.700000000000000011e-02
3.100000000000000000e+01 4.674999999999999989e-02
3.200000000000000000e+01 4.700000000000000011e-02
3.300000000000000000e+01 4.775000000000000078e-02
3.400000000000000000e+01 4.800000000000000100e-02
3.500000000000000000e+01 4.674999999999999989e-02
3.600000000000000000e+01 4.674999999999999989e-02
3.700000000000000000e+01 4.599999999999999922e-02
3.800000000000000000e+01 4.474999999999999811e-02
3.900000000000000000e+01 4.374999999999999722e-02
4.000000000000000000e+01 4.250000000000000305e-02
4.100000000000000000e+01 4.225000000000000283e-02
4.200000000000000000e+01 4.225000000000000283e-02
4.300000000000000000e+01 4.399999999999999745e-02
4.400000000000000000e+01 4.250000000000000305e-02
4.500000000000000000e+01 4.075000000000000150e-02
4.600000000000000000e+01 4.025000000000000105e-02
4.700000000000000000e+01 4.150000000000000216e-02
4.800000000000000000e+01 3.799999999999999906e-02
4.900000000000000000e+01 4.125000000000000194e-02
5.000000000000000000e+01 3.950000000000000039e-02
5.100000000000000000e+01 4.125000000000000194e-02
5.200000000000000000e+01 3.774999999999999883e-02
5.300000000000000000e+01 3.749999999999999861e-02
5.400000000000000000e+01 4.524999999999999856e-02
5.500000000000000000e+01 3.500000000000000333e-02
5.600000000000000000e+01 3.549999999999999684e-02
5.700000000000000000e+01 3.549999999999999684e-02
5.800000000000000000e+01 3.475000000000000311e-02
5.900000000000000000e+01 3.500000000000000333e-02
6.000000000000000000e+01 6.199999999999999956e-02
6.100000000000000000e+01 3.824999999999999928e-02
6.200000000000000000e+01 3.849999999999999950e-02
6.300000000000000000e+01 3.599999999999999728e-02
6.400000000000000000e+01 3.350000000000000200e-02
6.500000000000000000e+01 4.349999999999999700e-02
6.600000000000000000e+01 4.075000000000000150e-02
6.700000000000000000e+01 3.549999999999999684e-02
6.800000000000000000e+01 4.050000000000000128e-02
6.900000000000000000e+01 3.599999999999999728e-02
7.000000000000000000e+01 3.774999999999999883e-02
7.100000000000000000e+01 3.724999999999999839e-02
7.200000000000000000e+01 3.500000000000000333e-02
7.300000000000000000e+01 3.674999999999999795e-02
7.400000000000000000e+01 3.450000000000000289e-02
7.500000000000000000e+01 3.300000000000000155e-02
7.600000000000000000e+01 3.574999999999999706e-02
7.700000000000000000e+01 3.599999999999999728e-02
7.800000000000000000e+01 3.350000000000000200e-02
7.900000000000000000e+01 3.699999999999999817e-02
