0.000000000000000000e+00 5.470000000000000417e-01
1.000000000000000000e+00 4.369999999999999996e-01
2.000000000000000000e+00 4.289999999999999925e-01
3.000000000000000000e+00 3.900000000000000133e-01
4.000000000000000000e+00 3.679999999999999938e-01
5.000000000000000000e+00 3.400000000000000244e-01
6.000000000000000000e+00 3.160000000000000031e-01
7.000000000000000000e+00 3.029999999999999916e-01
8.000000000000000000e+00 2.790000000000000258e-01
9.000000000000000000e+00 2.740000000000000213e-01
1.000000000000000000e+01 2.660000000000000142e-01
1.100000000000000000e+01 2.369999999999999885e-01
1.200000000000000000e+01 2.439999999999999947e-01
1.300000000000000000e+01 2.580000000000000071e-01
1.400000000000000000e+01 2.359999999999999876e-01
1.500000000000000000e+01 2.079999999999999905e-01
1.600000000000000000e+01 2.300000000000000100e-01
1.700000000000000000e+01 2.099999999999999922e-01
1.800000000000000000e+01 2.059999999999999887e-01
1.900000000000000000e+01 1.769999999999999907e-01
2.000000000000000000e+01 1.630000000000000060e-01
2.100000000000000000e+01 1.829999999999999960e-01
2.200000000000000000e+01 1.849999999999999978e-01
2.300000000000000000e+01 1.680000000000000104e-01
2.400000000000000000e+01 1.690000000000000113e-01
2.500000000000000000e+01 1.739999999999999880e-01
2.600000000000000000e+01 1.710000000000000131e-01
2.700000000000000000e+01 1.580000000000000016e-01
2.800000000000000000e+01 1.479999999999999927e-01
2.900000000000000000e+01 1.549999999999999989e-01
3.000000000000000000e+01 1.549999999999999989e-01
3.100000000000000000e+01 1.449999999999999900e-01
3.200000000000000000e+01 1.630000000000000060e-01
3.300000000000000000e+01 1.580000000000000016e-01
3.400000000000000000e+01 1.370000000000000107e-01
3.500000000000000000e+01 1.350000000000000089e-01
3.600000000000000000e+01 1.360000000000000098e-01
3.700000000000000000e+01 1.270000000000000018e-01
3.800000000000000000e+01 1.529999999999999971e-01
3.900000000000000000e+01 1.360000000000000098e-01
4.000000000000000000e+01 1.239999999999999991e-01
4.100000000000000000e+01 1.209999999999999964e-01
4.200000000000000000e+01 1.250000000000000000e-01
4.300000000000000000e+01 1.290000000000000036e-01
4.400000000000000000e+01 1.140000000000000041e-01
4.500000000000000000e+01 1.290000000000000036e-01
4.600000000000000000e+01 1.150000000000000050e-01
4.700000000000000000e+01 1.170000000000000068e-01
4.800000000000000000e+01 1.170000000000000068e-01
4.900000000000000000e+01 1.160000000000000059e-01
5.000000000000000000e+01 1.160000000000000059e-01
5.100000000000000000e+01 1.110000000000000014e-01
5.200000000000000000e+01 1.199999999999999956e-01
5.300000000000000000e+01 1.039999999999999952e-01
5.400000000000000000e+01 8.899999999999999578e-02
5.500000000000000000e+01 1.110000000000000014e-01
5.600000000000000000e+01 1.069999999999999979e-01
5.700000000000000000e+01 9.199999999999999845e-02
5.800000000000000000e+01 1.029999999999999943e-01
5.900000000000000000e+01 1.170000000000000068e-01
6.000000000000000000e+01 1.049999999999999961e-01
6.100000000000000000e+01 1.130000000000000032e-01
6.200000000000000000e+01 1.039999999999999952e-01
6.300000000000000000e+01 1.000000000000000056e-01
6.400000000000000000e+01 7.900000000000000078e-02
6.500000000000000000e+01 1.019999999999999934e-01
6.600000000000000000e+01 1.100000000000000006e-01
6.700000000000000000e+01 1.100000000000000006e-01
6.800000000000000000e+01 1.010000000000000064e-01
6.900000000000000000e+01 8.799999999999999489e-02
7.000000000000000000e+01 8.799999999999999489e-02
7.100000000000000000e+01 8.799999999999999489e-02
7.200000000000000000e+01 9.800000000000000377e-02
7.300000000000000000e+01 9.700000000000000289e-02
7.400000000000000000e+01 1.059999999999999970e-01
7.500000000000000000e+01 9.500000000000000111e-02
7.600000000000000000e+01 9.800000000000000377e-02
7.700000000000000000e+01 8.100000000000000255e-02
7.800000000000000000e+01 8.899999999999999578e-02
7.900000000000000000e+01 8.400000000000000522e-02
8.000000000000000000e+01 8.400000000000000522e-02
8.100000000000000000e+01 8.100000000000000255e-02
8.200000000000000000e+01 9.099999999999999756e-02
8.300000000000000000e+01 8.999999999999999667e-02
8.400000000000000000e+01 7.799999999999999989e-02
8.500000000000000000e+01 8.000000000000000167e-02
8.600000000000000000e+01 7.799999999999999989e-02
8.700000000000000000e+01 7.799999999999999989e-02
8.800000000000000000e+01 9.299999999999999933e-02
8.900000000000000000e+01 9.800000000000000377e-02
9.000000000000000000e+01 9.199999999999999845e-02
9.100000000000000000e+01 8.899999999999999578e-02
9.200000000000000000e+01 1.000000000000000056e-01
9.300000000000000000e+01 9.099999999999999756e-02
9.400000000000000000e+01 7.900000000000000078e-02
9.500000000000000000e+01 6.400000000000000133e-02
9.600000000000000000e+01 6.400000000000000133e-02
9.700000000000000000e+01 6.600000000000000311e-02
9.800000000000000000e+01 8.300000000000000433e-02
9.900000000000000000e+01 7.599999999999999811e-02
