0.000000000000000000e+00 7.799999999999999989e-02
1.000000000000000000e+00 7.000000000000000666e-02
2.000000000000000000e+00 7.049999999999999323e-02
3.000000000000000000e+00 6.650000000000000355e-02
4.000000000000000000e+00 6.600000000000000311e-02
5.000000000000000000e+00 6.250000000000000000e-02
6.000000000000000000e+00 6.099999999999999867e-02
7.000000000000000000e+00 6.149999999999999911e-02
8.000000000000000000e+00 6.149999999999999911e-02
9.000000000000000000e+00 6.250000000000000000e-02
1.000000000000000000e+01 6.149999999999999911e-02
1.100000000000000000e+01 5.999999999999999778e-02
1.200000000000000000e+01 5.999999999999999778e-02
1.300000000000000000e+01 5.899999999999999689e-02
1.400000000000000000e+01 5.899999999999999689e-02
1.500000000000000000e+01 5.850000000000000339e-02
1.600000000000000000e+01 5.750000000000000250e-02
1.700000000000000000e+01 5.750000000000000250e-02
1.800000000000000000e+01 5.349999999999999895e-02
1.900000000000000000e+01 5.299999999999999850e-02
2.000000000000000000e+01 5.099999999999999672e-02
2.100000000000000000e+01 5.899999999999999689e-02
2.200000000000000000e+01 5.299999999999999850e-02
2.300000000000000000e+01 5.050000000000000322e-02
2.400000000000000000e+01 3.029999999999999916e-01
2.500000000000000000e+01 6.250000000000000000e-02
2.600000000000000000e+01 5.850000000000000339e-02
2.700000000000000000e+01 5.550000000000000072e-02
2.800000000000000000e+01 5.299999999999999850e-02
2.900000000000000000e+01 5.600000000000000117e-02
3.000000000000000000e+01 5.399999999999999939e-02
3.100000000000000000e+01 4.750000000000000056e-02
3.200000000000000000e+01 6.750000000000000444e-02
3.300000000000000000e+01 4.599999999999999922e-02
3.400000000000000000e+01 4.800000000000000100e-02
3.500000000000000000e+01 5.050000000000000322e-02
3.600000000000000000e+01 4.700000000000000011e-02
3.700000000000000000e+01 4.850000000000000144e-02
3.800000000000000000e+01 4.399999999999999745e-02
3.900000000000000000e+01 4.499999999999999833e-02
4.000000000000000000e+01 4.150000000000000216e-02
4.100000000000000000e+01 4.100000000000000172e-02
4.200000000000000000e+01 4.649999999999999967e-02
4.300000000000000000e+01 4.100000000000000172e-02
4.400000000000000000e+01 3.849999999999999950e-02
4.500000000000000000e+01 4.000000000000000083e-02
4.600000000000000000e+01 4.000000000000000083e-02
4.700000000000000000e+01 3.799999999999999906e-02
4.800000000000000000e+01 3.649999999999999772e-02
4.900000000000000000e+01 4.150000000000000216e-02
5.000000000000000000e+01 3.649999999999999772e-02
5.100000000000000000e+01 3.450000000000000289e-02
5.200000000000000000e+01 3.400000000000000244e-02
5.300000000000000000e+01 3.300000000000000155e-02
5.400000000000000000e+01 3.950000000000000039e-02
5.500000000000000000e+01 4.250000000000000305e-02
5.600000000000000000e+01 3.350000000000000200e-02
5.700000000000000000e+01 3.250000000000000111e-02
5.800000000000000000e+01 3.250000000000000111e-02
5.900000000000000000e+01 3.250000000000000111e-02
6.000000000000000000e+01 3.049999999999999933e-02
6.100000000000000000e+01 2.949999999999999845e-02
6.200000000000000000e+01 3.099999999999999978e-02
6.300000000000000000e+01 2.949999999999999845e-02
6.400000000000000000e+01 3.049999999999999933e-02
6.500000000000000000e+01 3.450000000000000289e-02
6.600000000000000000e+01 3.150000000000000022e-02
6.700000000000000000e+01 2.949999999999999845e-02
6.800000000000000000e+01 9.550000000000000155e-02
6.900000000000000000e+01 3.099999999999999978e-02
7.000000000000000000e+01 3.049999999999999933e-02
7.100000000000000000e+01 3.250000000000000111e-02
7.200000000000000000e+01 5.949999999999999734e-02
7.300000000000000000e+01 2.949999999999999845e-02
7.400000000000000000e+01 3.150000000000000022e-02
7.500000000000000000e+01 4.649999999999999967e-02
7.600000000000000000e+01 5.750000000000000250e-02
7.700000000000000000e+01 3.049999999999999933e-02
7.800000000000000000e+01 4.200000000000000261e-02
7.900000000000000000e+01 5.800000000000000294e-02
