0.000000000000000000e+00 1.081808396124865485e-01
1.000000000000000000e+00 7.373519913885899502e-02
2.000000000000000000e+00 5.328310010764262389e-02
3.000000000000000000e+00 4.251883745963401517e-02
4.000000000000000000e+00 4.144241119483315500e-02
5.000000000000000000e+00 4.090419806243272144e-02
6.000000000000000000e+00 3.821313240043056753e-02
7.000000000000000000e+00 3.659849300322928073e-02
8.000000000000000000e+00 3.498385360602798699e-02
9.000000000000000000e+00 3.390742734122712682e-02
1.000000000000000000e+01 3.175457481162540646e-02
1.100000000000000000e+01 3.121636167922497290e-02
1.200000000000000000e+01 2.906350914962324908e-02
1.300000000000000000e+01 2.906350914962324908e-02
1.400000000000000000e+01 2.906350914962324908e-02
1.500000000000000000e+01 2.798708288482238890e-02
1.600000000000000000e+01 2.744886975242195881e-02
1.700000000000000000e+01 2.744886975242195881e-02
1.800000000000000000e+01 2.637244348762109863e-02
1.900000000000000000e+01 2.475780409041980490e-02
2.000000000000000000e+01 2.314316469321851463e-02
2.100000000000000000e+01 2.260495156081808454e-02
2.200000000000000000e+01 2.099031216361679081e-02
2.300000000000000000e+01 2.099031216361679081e-02
2.400000000000000000e+01 2.045209903121636072e-02
2.500000000000000000e+01 1.991388589881593063e-02
2.600000000000000000e+01 1.991388589881593063e-02
2.700000000000000000e+01 1.991388589881593063e-02
2.800000000000000000e+01 1.991388589881593063e-02
2.900000000000000000e+01 1.937567276641550054e-02
