0.000000000000000000e+00 2.198666666666666547e-01
1.000000000000000000e+00 2.086999999999999966e-01
2.000000000000000000e+00 1.785666666666666791e-01
3.000000000000000000e+00 1.832166666666666666e-01
4.000000000000000000e+00 1.810333333333333239e-01
5.000000000000000000e+00 1.545166666666666633e-01
6.000000000000000000e+00 1.366999999999999882e-01
7.000000000000000000e+00 1.617500000000000049e-01
8.000000000000000000e+00 1.632666666666666710e-01
9.000000000000000000e+00 1.442499999999999893e-01
1.000000000000000000e+01 1.571333333333333471e-01
1.100000000000000000e+01 1.336166666666666614e-01
1.200000000000000000e+01 1.285333333333333328e-01
1.300000000000000000e+01 1.282166666666666732e-01
1.400000000000000000e+01 1.416333333333333333e-01
1.500000000000000000e+01 1.283999999999999864e-01
1.600000000000000000e+01 1.262666666666666659e-01
1.700000000000000000e+01 1.286833333333333440e-01
1.800000000000000000e+01 1.269000000000000128e-01
1.900000000000000000e+01 1.322000000000000119e-01
2.000000000000000000e+01 1.224333333333333385e-01
2.100000000000000000e+01 1.141333333333333366e-01
2.200000000000000000e+01 1.075833333333333364e-01
2.300000000000000000e+01 1.106833333333333280e-01
2.400000000000000000e+01 1.138333333333333280e-01
2.500000000000000000e+01 1.032666666666666733e-01
2.600000000000000000e+01 1.152333333333333265e-01
2.700000000000000000e+01 1.058333333333333348e-01
2.800000000000000000e+01 1.021666666666666695e-01
2.900000000000000000e+01 1.064166666666666733e-01
3.000000000000000000e+01 1.026666666666666700e-01
3.100000000000000000e+01 1.089333333333333265e-01
3.200000000000000000e+01 1.047000000000000014e-01
3.300000000000000000e+01 1.091499999999999970e-01
3.400000000000000000e+01 1.041666666666666713e-01
3.500000000000000000e+01 1.022499999999999937e-01
3.600000000000000000e+01 9.569999999999999341e-02
3.700000000000000000e+01 9.778333333333333321e-02
3.800000000000000000e+01 1.074333333333333390e-01
3.900000000000000000e+01 9.760000000000000620e-02
4.000000000000000000e+01 9.543333333333332835e-02
4.100000000000000000e+01 9.984999999999999432e-02
4.200000000000000000e+01 9.046666666666666745e-02
4.300000000000000000e+01 9.181666666666667143e-02
4.400000000000000000e+01 9.476666666666666572e-02
4.500000000000000000e+01 1.063000000000000056e-01
4.600000000000000000e+01 1.030500000000000027e-01
4.700000000000000000e+01 9.616666666666666419e-02
4.800000000000000000e+01 1.025999999999999968e-01
4.900000000000000000e+01 9.354999999999999427e-02
5.000000000000000000e+01 9.921666666666666134e-02
5.100000000000000000e+01 9.153333333333332766e-02
5.200000000000000000e+01 9.506666666666666043e-02
5.300000000000000000e+01 9.268333333333333979e-02
5.400000000000000000e+01 9.238333333333333119e-02
5.500000000000000000e+01 9.619999999999999385e-02
5.600000000000000000e+01 9.189999999999999558e-02
5.700000000000000000e+01 9.701666666666666772e-02
5.800000000000000000e+01 9.006666666666666987e-02
5.900000000000000000e+01 8.973333333333333162e-02
6.000000000000000000e+01 9.786666666666667125e-02
6.100000000000000000e+01 1.006833333333333330e-01
6.200000000000000000e+01 9.816666666666666596e-02
6.300000000000000000e+01 9.890000000000000180e-02
6.400000000000000000e+01 9.314999999999999669e-02
6.500000000000000000e+01 8.659999999999999643e-02
6.600000000000000000e+01 8.845000000000000084e-02
6.700000000000000000e+01 8.899999999999999578e-02
6.800000000000000000e+01 9.016666666666667274e-02
6.900000000000000000e+01 8.766666666666667052e-02
7.000000000000000000e+01 8.973333333333333162e-02
7.100000000000000000e+01 8.701666666666667271e-02
7.200000000000000000e+01 8.926666666666666083e-02
7.300000000000000000e+01 9.348333333333333495e-02
7.400000000000000000e+01 8.459999999999999465e-02
7.500000000000000000e+01 9.048333333333333228e-02
7.600000000000000000e+01 8.638333333333333974e-02
7.700000000000000000e+01 9.091666666666667340e-02
7.800000000000000000e+01 9.220000000000000417e-02
7.900000000000000000e+01 8.899999999999999578e-02
8.000000000000000000e+01 8.846666666666666567e-02
8.100000000000000000e+01 8.490000000000000324e-02
8.200000000000000000e+01 8.780000000000000304e-02
8.300000000000000000e+01 8.986666666666666414e-02
8.400000000000000000e+01 9.196666666666666878e-02
8.500000000000000000e+01 8.416666666666666741e-02
8.600000000000000000e+01 8.401666666666667005e-02
8.700000000000000000e+01 8.859999999999999820e-02
8.800000000000000000e+01 8.358333333333332893e-02
8.900000000000000000e+01 8.605000000000000149e-02
9.000000000000000000e+01 8.851666666666666017e-02
9.100000000000000000e+01 8.615000000000000435e-02
9.200000000000000000e+01 8.146666666666667334e-02
9.300000000000000000e+01 8.006666666666666099e-02
9.400000000000000000e+01 7.946666666666667156e-02
9.500000000000000000e+01 7.808333333333333792e-02
9.600000000000000000e+01 8.125000000000000278e-02
9.700000000000000000e+01 8.486666666666667358e-02
9.800000000000000000e+01 8.616666666666666918e-02
9.900000000000000000e+01 8.060000000000000497e-02
1.000000000000000000e+02 8.598333333333332829e-02
1.010000000000000000e+02 8.083333333333332649e-02
1.020000000000000000e+02 8.546666666666666301e-02
1.030000000000000000e+02 8.344999999999999640e-02
1.040000000000000000e+02 8.076666666666666716e-02
1.050000000000000000e+02 8.183333333333332738e-02
1.060000000000000000e+02 7.851666666666666516e-02
1.070000000000000000e+02 8.448333333333332695e-02
1.080000000000000000e+02 7.825000000000000011e-02
1.090000000000000000e+02 7.708333333333333703e-02
1.100000000000000000e+02 7.896666666666667111e-02
1.110000000000000000e+02 8.190000000000000058e-02
1.120000000000000000e+02 7.845000000000000584e-02
1.130000000000000000e+02 7.643333333333333923e-02
1.140000000000000000e+02 8.141666666666666496e-02
1.150000000000000000e+02 8.053333333333333177e-02
1.160000000000000000e+02 7.951666666666666605e-02
1.170000000000000000e+02 8.365000000000000213e-02
1.180000000000000000e+02 7.914999999999999813e-02
1.190000000000000000e+02 8.036666666666666958e-02
1.200000000000000000e+02 8.003333333333333133e-02
1.210000000000000000e+02 7.735000000000000209e-02
1.220000000000000000e+02 8.219999999999999529e-02
1.230000000000000000e+02 8.069999999999999396e-02
1.240000000000000000e+02 8.144999999999999463e-02
1.250000000000000000e+02 7.768333333333332646e-02
1.260000000000000000e+02 8.106666666666666188e-02
1.270000000000000000e+02 7.903333333333333044e-02
1.280000000000000000e+02 8.401666666666667005e-02
1.290000000000000000e+02 7.986666666666666914e-02
1.300000000000000000e+02 8.104999999999999705e-02
1.310000000000000000e+02 7.603333333333332777e-02
1.320000000000000000e+02 7.724999999999999922e-02
1.330000000000000000e+02 7.638333333333333086e-02
1.340000000000000000e+02 7.618333333333333901e-02
1.350000000000000000e+02 7.945000000000000673e-02
1.360000000000000000e+02 7.751666666666666428e-02
1.370000000000000000e+02 7.831666666666667331e-02
1.380000000000000000e+02 7.603333333333332777e-02
1.390000000000000000e+02 8.031666666666666121e-02
1.400000000000000000e+02 7.798333333333333506e-02
1.410000000000000000e+02 7.929999999999999549e-02
1.420000000000000000e+02 8.465000000000000302e-02
1.430000000000000000e+02 7.524999999999999745e-02
1.440000000000000000e+02 7.660000000000000142e-02
1.450000000000000000e+02 7.413333333333332886e-02
1.460000000000000000e+02 7.401666666666666117e-02
1.470000000000000000e+02 7.850000000000000033e-02
1.480000000000000000e+02 7.384999999999999898e-02
1.490000000000000000e+02 7.804999999999999438e-02
1.500000000000000000e+02 8.376666666666666983e-02
1.510000000000000000e+02 7.495000000000000273e-02
1.520000000000000000e+02 8.175000000000000322e-02
1.530000000000000000e+02 7.836666666666666781e-02
1.540000000000000000e+02 7.461666666666666448e-02
1.550000000000000000e+02 7.315000000000000668e-02
1.560000000000000000e+02 7.471666666666666734e-02
1.570000000000000000e+02 7.511666666666666492e-02
1.580000000000000000e+02 8.783333333333333270e-02
1.590000000000000000e+02 8.356666666666666410e-02
1.600000000000000000e+02 7.993333333333332846e-02
1.610000000000000000e+02 7.739999999999999658e-02
1.620000000000000000e+02 7.931666666666666032e-02
1.630000000000000000e+02 7.726666666666666405e-02
1.640000000000000000e+02 7.848333333333333550e-02
1.650000000000000000e+02 7.526666666666666228e-02
1.660000000000000000e+02 7.850000000000000033e-02
1.670000000000000000e+02 7.474999999999999700e-02
1.680000000000000000e+02 7.511666666666666492e-02
1.690000000000000000e+02 8.186666666666667092e-02
1.700000000000000000e+02 7.270000000000000073e-02
1.710000000000000000e+02 7.753333333333332911e-02
1.720000000000000000e+02 8.508333333333333026e-02
1.730000000000000000e+02 7.938333333333333353e-02
1.740000000000000000e+02 7.441666666666667262e-02
1.750000000000000000e+02 7.701666666666666383e-02
1.760000000000000000e+02 7.376666666666666095e-02
1.770000000000000000e+02 7.374999999999999611e-02
1.780000000000000000e+02 7.221666666666666512e-02
1.790000000000000000e+02 7.374999999999999611e-02
1.800000000000000000e+02 7.496666666666666756e-02
1.810000000000000000e+02 7.295000000000000095e-02
1.820000000000000000e+02 7.324999999999999567e-02
1.830000000000000000e+02 7.493333333333333790e-02
1.840000000000000000e+02 7.628333333333332800e-02
1.850000000000000000e+02 7.570000000000000340e-02
1.860000000000000000e+02 7.699999999999999900e-02
1.870000000000000000e+02 7.445000000000000229e-02
1.880000000000000000e+02 7.531666666666667065e-02
1.890000000000000000e+02 7.873333333333333572e-02
1.900000000000000000e+02 7.829999999999999460e-02
1.910000000000000000e+02 7.473333333333333217e-02
1.920000000000000000e+02 7.323333333333333084e-02
1.930000000000000000e+02 7.434999999999999942e-02
1.940000000000000000e+02 7.281666666666666843e-02
1.950000000000000000e+02 7.521666666666666778e-02
1.960000000000000000e+02 7.136666666666666159e-02
1.970000000000000000e+02 7.028333333333333655e-02
1.980000000000000000e+02 7.441666666666667262e-02
1.990000000000000000e+02 7.213333333333332709e-02
2.000000000000000000e+02 7.456666666666666998e-02
2.010000000000000000e+02 7.231666666666666798e-02
2.020000000000000000e+02 7.263333333333332753e-02
2.030000000000000000e+02 7.133333333333333193e-02
2.040000000000000000e+02 7.246666666666666534e-02
2.050000000000000000e+02 7.296666666666666579e-02
2.060000000000000000e+02 7.473333333333333217e-02
2.070000000000000000e+02 6.984999999999999543e-02
2.080000000000000000e+02 7.034999999999999587e-02
2.090000000000000000e+02 7.149999999999999412e-02
2.100000000000000000e+02 7.660000000000000142e-02
2.110000000000000000e+02 7.758333333333333748e-02
2.120000000000000000e+02 7.439999999999999392e-02
2.130000000000000000e+02 7.295000000000000095e-02
2.140000000000000000e+02 7.000000000000000666e-02
2.150000000000000000e+02 7.103333333333333721e-02
2.160000000000000000e+02 7.111666666666666137e-02
2.170000000000000000e+02 7.724999999999999922e-02
2.180000000000000000e+02 7.093333333333333435e-02
2.190000000000000000e+02 7.238333333333332731e-02
2.200000000000000000e+02 7.003333333333333632e-02
2.210000000000000000e+02 7.105000000000000204e-02
2.220000000000000000e+02 7.015000000000000402e-02
2.230000000000000000e+02 6.950000000000000622e-02
2.240000000000000000e+02 7.370000000000000162e-02
2.250000000000000000e+02 7.580000000000000626e-02
2.260000000000000000e+02 7.401666666666666117e-02
2.270000000000000000e+02 7.306666666666666865e-02
2.280000000000000000e+02 6.958333333333333037e-02
2.290000000000000000e+02 7.456666666666666998e-02
2.300000000000000000e+02 6.994999999999999829e-02
2.310000000000000000e+02 6.903333333333333544e-02
2.320000000000000000e+02 6.986666666666666026e-02
2.330000000000000000e+02 7.203333333333333810e-02
2.340000000000000000e+02 7.464999999999999414e-02
2.350000000000000000e+02 7.524999999999999745e-02
2.360000000000000000e+02 7.278333333333333877e-02
2.370000000000000000e+02 7.291666666666667129e-02
2.380000000000000000e+02 7.280000000000000360e-02
2.390000000000000000e+02 7.228333333333333832e-02
2.400000000000000000e+02 6.859999999999999432e-02
2.410000000000000000e+02 6.756666666666666377e-02
2.420000000000000000e+02 7.144999999999999962e-02
2.430000000000000000e+02 7.451666666666666161e-02
2.440000000000000000e+02 7.048333333333332840e-02
2.450000000000000000e+02 6.708333333333332815e-02
2.460000000000000000e+02 6.918333333333333279e-02
2.470000000000000000e+02 6.743333333333333124e-02
2.480000000000000000e+02 6.823333333333332640e-02
2.490000000000000000e+02 6.818333333333333190e-02
2.500000000000000000e+02 6.876666666666667038e-02
2.510000000000000000e+02 7.093333333333333435e-02
2.520000000000000000e+02 7.340000000000000691e-02
2.530000000000000000e+02 6.943333333333333302e-02
2.540000000000000000e+02 6.804999999999999938e-02
2.550000000000000000e+02 7.278333333333333877e-02
2.560000000000000000e+02 6.685000000000000664e-02
2.570000000000000000e+02 6.868333333333333235e-02
2.580000000000000000e+02 7.008333333333333082e-02
2.590000000000000000e+02 7.284999999999999809e-02
2.600000000000000000e+02 6.696666666666666046e-02
2.610000000000000000e+02 6.796666666666666134e-02
2.620000000000000000e+02 7.698333333333333417e-02
2.630000000000000000e+02 7.053333333333333677e-02
2.640000000000000000e+02 6.711666666666667169e-02
2.650000000000000000e+02 7.293333333333333612e-02
2.660000000000000000e+02 6.913333333333333830e-02
2.670000000000000000e+02 7.011666666666666048e-02
2.680000000000000000e+02 7.061666666666666092e-02
2.690000000000000000e+02 7.093333333333333435e-02
2.700000000000000000e+02 7.503333333333332689e-02
2.710000000000000000e+02 7.216666666666667063e-02
2.720000000000000000e+02 7.781666666666667287e-02
2.730000000000000000e+02 7.461666666666666448e-02
2.740000000000000000e+02 7.006666666666666599e-02
2.750000000000000000e+02 6.809999999999999387e-02
2.760000000000000000e+02 6.708333333333332815e-02
2.770000000000000000e+02 7.273333333333333039e-02
2.780000000000000000e+02 6.878333333333333521e-02
2.790000000000000000e+02 7.031666666666666621e-02
2.800000000000000000e+02 6.669999999999999540e-02
2.810000000000000000e+02 6.868333333333333235e-02
2.820000000000000000e+02 6.389999999999999847e-02
2.830000000000000000e+02 6.733333333333332837e-02
2.840000000000000000e+02 7.003333333333333632e-02
2.850000000000000000e+02 6.825000000000000511e-02
2.860000000000000000e+02 6.691666666666666596e-02
2.870000000000000000e+02 6.756666666666666377e-02
2.880000000000000000e+02 6.576666666666666772e-02
2.890000000000000000e+02 7.009999999999999565e-02
2.900000000000000000e+02 6.884999999999999454e-02
2.910000000000000000e+02 6.806666666666666421e-02
2.920000000000000000e+02 6.771666666666666112e-02
2.930000000000000000e+02 7.023333333333332817e-02
2.940000000000000000e+02 7.001666666666667149e-02
2.950000000000000000e+02 7.361666666666666359e-02
2.960000000000000000e+02 7.151666666666667282e-02
2.970000000000000000e+02 6.836666666666667280e-02
2.980000000000000000e+02 6.779999999999999916e-02
2.990000000000000000e+02 6.826666666666666994e-02
3.000000000000000000e+02 6.704999999999999849e-02
3.010000000000000000e+02 6.628333333333333299e-02
3.020000000000000000e+02 6.606666666666666243e-02
3.030000000000000000e+02 6.510000000000000508e-02
3.040000000000000000e+02 6.675000000000000377e-02
3.050000000000000000e+02 6.861666666666667302e-02
3.060000000000000000e+02 6.926666666666667083e-02
3.070000000000000000e+02 6.900000000000000577e-02
3.080000000000000000e+02 6.713333333333333652e-02
3.090000000000000000e+02 7.106666666666666687e-02
3.100000000000000000e+02 6.926666666666667083e-02
3.110000000000000000e+02 6.884999999999999454e-02
3.120000000000000000e+02 6.650000000000000355e-02
3.130000000000000000e+02 6.883333333333332971e-02
3.140000000000000000e+02 6.711666666666667169e-02
3.150000000000000000e+02 6.588333333333333541e-02
3.160000000000000000e+02 6.678333333333333344e-02
3.170000000000000000e+02 7.134999999999999676e-02
3.180000000000000000e+02 6.703333333333333366e-02
3.190000000000000000e+02 6.763333333333333697e-02
3.200000000000000000e+02 6.601666666666666794e-02
3.210000000000000000e+02 6.696666666666666046e-02
3.220000000000000000e+02 6.778333333333333433e-02
3.230000000000000000e+02 6.616666666666666530e-02
3.240000000000000000e+02 7.111666666666666137e-02
3.250000000000000000e+02 6.886666666666667325e-02
3.260000000000000000e+02 6.731666666666666354e-02
3.270000000000000000e+02 6.961666666666666003e-02
3.280000000000000000e+02 7.280000000000000360e-02
3.290000000000000000e+02 7.243333333333333568e-02
3.300000000000000000e+02 7.156666666666666732e-02
3.310000000000000000e+02 6.731666666666666354e-02
3.320000000000000000e+02 6.891666666666666774e-02
3.330000000000000000e+02 7.313333333333332797e-02
3.340000000000000000e+02 6.643333333333333035e-02
3.350000000000000000e+02 6.588333333333333541e-02
3.360000000000000000e+02 6.788333333333333719e-02
3.370000000000000000e+02 6.681666666666666310e-02
3.380000000000000000e+02 6.816666666666666707e-02
3.390000000000000000e+02 6.878333333333333521e-02
3.400000000000000000e+02 6.783333333333332882e-02
3.410000000000000000e+02 6.711666666666667169e-02
3.420000000000000000e+02 6.871666666666666201e-02
3.430000000000000000e+02 6.930000000000000049e-02
3.440000000000000000e+02 6.816666666666666707e-02
3.450000000000000000e+02 7.065000000000000446e-02
3.460000000000000000e+02 6.723333333333333939e-02
3.470000000000000000e+02 6.463333333333333430e-02
3.480000000000000000e+02 6.611666666666667080e-02
3.490000000000000000e+02 6.666666666666666574e-02
3.500000000000000000e+02 6.643333333333333035e-02
3.510000000000000000e+02 6.801666666666666972e-02
3.520000000000000000e+02 6.834999999999999409e-02
3.530000000000000000e+02 6.646666666666666001e-02
3.540000000000000000e+02 6.809999999999999387e-02
3.550000000000000000e+02 6.923333333333332729e-02
3.560000000000000000e+02 6.753333333333333410e-02
3.570000000000000000e+02 6.731666666666666354e-02
3.580000000000000000e+02 6.746666666666666090e-02
3.590000000000000000e+02 6.593333333333332991e-02
3.600000000000000000e+02 6.650000000000000355e-02
3.610000000000000000e+02 6.688333333333333630e-02
3.620000000000000000e+02 7.101666666666667238e-02
3.630000000000000000e+02 6.806666666666666421e-02
3.640000000000000000e+02 6.831666666666666443e-02
3.650000000000000000e+02 6.556666666666666199e-02
3.660000000000000000e+02 6.923333333333332729e-02
3.670000000000000000e+02 7.309999999999999831e-02
3.680000000000000000e+02 7.006666666666666599e-02
3.690000000000000000e+02 6.806666666666666421e-02
3.700000000000000000e+02 7.166666666666667018e-02
3.710000000000000000e+02 6.726666666666666905e-02
3.720000000000000000e+02 6.848333333333332662e-02
3.730000000000000000e+02 7.073333333333332862e-02
3.740000000000000000e+02 6.943333333333333302e-02
3.750000000000000000e+02 6.676666666666666861e-02
3.760000000000000000e+02 6.558333333333332682e-02
3.770000000000000000e+02 6.544999999999999429e-02
3.780000000000000000e+02 6.610000000000000597e-02
3.790000000000000000e+02 6.441666666666666374e-02
3.800000000000000000e+02 6.446666666666667211e-02
3.810000000000000000e+02 6.560000000000000553e-02
3.820000000000000000e+02 6.819999999999999674e-02
3.830000000000000000e+02 7.049999999999999323e-02
3.840000000000000000e+02 7.203333333333333810e-02
3.850000000000000000e+02 6.988333333333333897e-02
3.860000000000000000e+02 6.693333333333333079e-02
3.870000000000000000e+02 7.030000000000000138e-02
3.880000000000000000e+02 6.990000000000000380e-02
3.890000000000000000e+02 6.923333333333332729e-02
3.900000000000000000e+02 6.891666666666666774e-02
3.910000000000000000e+02 6.519999999999999407e-02
3.920000000000000000e+02 6.590000000000000024e-02
3.930000000000000000e+02 6.766666666666666663e-02
3.940000000000000000e+02 6.529999999999999694e-02
3.950000000000000000e+02 6.563333333333333519e-02
3.960000000000000000e+02 6.673333333333333894e-02
3.970000000000000000e+02 6.781666666666666399e-02
3.980000000000000000e+02 6.969999999999999807e-02
3.990000000000000000e+02 6.756666666666666377e-02
4.000000000000000000e+02 6.826666666666666994e-02
4.010000000000000000e+02 6.608333333333332726e-02
4.020000000000000000e+02 6.453333333333333144e-02
4.030000000000000000e+02 6.603333333333333277e-02
4.040000000000000000e+02 6.616666666666666530e-02
4.050000000000000000e+02 6.950000000000000622e-02
4.060000000000000000e+02 6.718333333333333102e-02
4.070000000000000000e+02 6.498333333333333739e-02
4.080000000000000000e+02 6.773333333333333983e-02
4.090000000000000000e+02 6.665000000000000091e-02
4.100000000000000000e+02 6.393333333333332813e-02
4.110000000000000000e+02 6.718333333333333102e-02
4.120000000000000000e+02 6.423333333333333672e-02
4.130000000000000000e+02 6.708333333333332815e-02
4.140000000000000000e+02 6.773333333333333983e-02
4.150000000000000000e+02 6.723333333333333939e-02
4.160000000000000000e+02 6.865000000000000269e-02
4.170000000000000000e+02 6.551666666666666750e-02
4.180000000000000000e+02 6.518333333333332924e-02
4.190000000000000000e+02 6.471666666666667234e-02
4.200000000000000000e+02 6.598333333333333828e-02
4.210000000000000000e+02 6.806666666666666421e-02
4.220000000000000000e+02 6.375000000000000111e-02
4.230000000000000000e+02 6.553333333333333233e-02
4.240000000000000000e+02 6.441666666666666374e-02
4.250000000000000000e+02 6.650000000000000355e-02
4.260000000000000000e+02 6.619999999999999496e-02
4.270000000000000000e+02 6.448333333333333695e-02
4.280000000000000000e+02 6.690000000000000113e-02
4.290000000000000000e+02 6.406666666666666066e-02
4.300000000000000000e+02 6.403333333333333099e-02
4.310000000000000000e+02 6.476666666666666683e-02
4.320000000000000000e+02 6.744999999999999607e-02
4.330000000000000000e+02 6.798333333333334005e-02
4.340000000000000000e+02 6.544999999999999429e-02
4.350000000000000000e+02 6.504999999999999671e-02
4.360000000000000000e+02 6.958333333333333037e-02
4.370000000000000000e+02 6.658333333333332771e-02
4.380000000000000000e+02 6.454999999999999627e-02
4.390000000000000000e+02 6.314999999999999780e-02
4.400000000000000000e+02 6.688333333333333630e-02
4.410000000000000000e+02 6.650000000000000355e-02
4.420000000000000000e+02 6.216666666666666868e-02
4.430000000000000000e+02 6.214999999999999691e-02
4.440000000000000000e+02 6.543333333333332946e-02
4.450000000000000000e+02 6.398333333333333650e-02
4.460000000000000000e+02 6.994999999999999829e-02
4.470000000000000000e+02 6.494999999999999385e-02
4.480000000000000000e+02 6.433333333333333959e-02
4.490000000000000000e+02 6.683333333333332793e-02
4.500000000000000000e+02 7.034999999999999587e-02
4.510000000000000000e+02 6.489999999999999936e-02
4.520000000000000000e+02 6.535000000000000531e-02
4.530000000000000000e+02 6.625000000000000333e-02
4.540000000000000000e+02 6.635000000000000620e-02
4.550000000000000000e+02 6.734999999999999321e-02
4.560000000000000000e+02 6.333333333333333870e-02
4.570000000000000000e+02 6.453333333333333144e-02
4.580000000000000000e+02 6.565000000000000002e-02
4.590000000000000000e+02 6.640000000000000069e-02
4.600000000000000000e+02 6.450000000000000178e-02
4.610000000000000000e+02 6.328333333333333033e-02
4.620000000000000000e+02 6.276666666666666505e-02
4.630000000000000000e+02 6.528333333333333210e-02
4.640000000000000000e+02 6.723333333333333939e-02
4.650000000000000000e+02 6.591666666666666508e-02
4.660000000000000000e+02 6.556666666666666199e-02
4.670000000000000000e+02 6.529999999999999694e-02
4.680000000000000000e+02 6.466666666666666397e-02
4.690000000000000000e+02 6.300000000000000044e-02
4.700000000000000000e+02 6.203333333333333616e-02
4.710000000000000000e+02 6.345000000000000639e-02
4.720000000000000000e+02 6.270000000000000573e-02
4.730000000000000000e+02 6.644999999999999518e-02
4.740000000000000000e+02 6.498333333333333739e-02
4.750000000000000000e+02 6.350000000000000089e-02
4.760000000000000000e+02 6.419999999999999318e-02
4.770000000000000000e+02 6.636666666666667103e-02
4.780000000000000000e+02 6.464999999999999913e-02
4.790000000000000000e+02 6.393333333333332813e-02
4.800000000000000000e+02 6.318333333333332746e-02
4.810000000000000000e+02 6.396666666666667167e-02
4.820000000000000000e+02 6.578333333333333255e-02
4.830000000000000000e+02 6.569999999999999452e-02
4.840000000000000000e+02 6.568333333333332968e-02
4.850000000000000000e+02 6.561666666666667036e-02
4.860000000000000000e+02 6.843333333333333213e-02
4.870000000000000000e+02 6.676666666666666861e-02
4.880000000000000000e+02 6.453333333333333144e-02
4.890000000000000000e+02 6.376666666666666594e-02
4.900000000000000000e+02 6.700000000000000400e-02
4.910000000000000000e+02 6.333333333333333870e-02
4.920000000000000000e+02 6.276666666666666505e-02
4.930000000000000000e+02 6.358333333333333892e-02
4.940000000000000000e+02 6.276666666666666505e-02
4.950000000000000000e+02 6.296666666666667078e-02
4.960000000000000000e+02 6.439999999999999891e-02
4.970000000000000000e+02 6.053333333333333482e-02
4.980000000000000000e+02 6.433333333333333959e-02
4.990000000000000000e+02 6.308333333333333848e-02
