0.000000000000000000e+00 2.939999999999999836e-01
1.000000000000000000e+00 2.939999999999999836e-01
2.000000000000000000e+00 2.939999999999999836e-01
3.000000000000000000e+00 2.939999999999999836e-01
4.000000000000000000e+00 2.939999999999999836e-01
5.000000000000000000e+00 9.800000000000000377e-02
6.000000000000000000e+00 8.400000000000000522e-02
7.000000000000000000e+00 8.100000000000000255e-02
8.000000000000000000e+00 7.399999999999999634e-02
9.000000000000000000e+00 7.399999999999999634e-02
1.000000000000000000e+01 7.149999999999999412e-02
1.100000000000000000e+01 6.950000000000000622e-02
1.200000000000000000e+01 6.950000000000000622e-02
1.300000000000000000e+01 6.850000000000000533e-02
1.400000000000000000e+01 6.800000000000000488e-02
1.500000000000000000e+01 6.700000000000000400e-02
1.600000000000000000e+01 6.450000000000000178e-02
1.700000000000000000e+01 6.500000000000000222e-02
1.800000000000000000e+01 6.450000000000000178e-02
1.900000000000000000e+01 6.350000000000000089e-02
2.000000000000000000e+01 6.400000000000000133e-02
2.100000000000000000e+01 6.450000000000000178e-02
2.200000000000000000e+01 6.400000000000000133e-02
2.300000000000000000e+01 6.400000000000000133e-02
2.400000000000000000e+01 6.400000000000000133e-02
2.500000000000000000e+01 6.400000000000000133e-02
2.600000000000000000e+01 6.400000000000000133e-02
2.700000000000000000e+01 6.400000000000000133e-02
2.800000000000000000e+01 6.350000000000000089e-02
2.900000000000000000e+01 6.350000000000000089e-02
