0.000000000000000000e+00 2.424999999999999933e-01
1.000000000000000000e+00 1.809999999999999942e-01
2.000000000000000000e+00 2.635000000000000120e-01
3.000000000000000000e+00 2.944999999999999840e-01
4.000000000000000000e+00 2.949999999999999845e-01
5.000000000000000000e+00 2.944999999999999840e-01
6.000000000000000000e+00 2.944999999999999840e-01
7.000000000000000000e+00 2.944999999999999840e-01
8.000000000000000000e+00 2.944999999999999840e-01
9.000000000000000000e+00 2.919999999999999818e-01
1.000000000000000000e+01 2.894999999999999796e-01
1.100000000000000000e+01 2.810000000000000275e-01
1.200000000000000000e+01 2.750000000000000222e-01
1.300000000000000000e+01 2.705000000000000182e-01
1.400000000000000000e+01 2.680000000000000160e-01
1.500000000000000000e+01 2.645000000000000129e-01
1.600000000000000000e+01 2.610000000000000098e-01
1.700000000000000000e+01 2.600000000000000089e-01
1.800000000000000000e+01 2.605000000000000093e-01
1.900000000000000000e+01 2.600000000000000089e-01
2.000000000000000000e+01 2.605000000000000093e-01
2.100000000000000000e+01 2.610000000000000098e-01
2.200000000000000000e+01 2.610000000000000098e-01
2.300000000000000000e+01 2.615000000000000102e-01
2.400000000000000000e+01 2.635000000000000120e-01
2.500000000000000000e+01 2.670000000000000151e-01
2.600000000000000000e+01 2.675000000000000155e-01
2.700000000000000000e+01 2.685000000000000164e-01
2.800000000000000000e+01 2.690000000000000169e-01
2.900000000000000000e+01 2.700000000000000178e-01
