0.000000000000000000e+00 1.414583333333333248e-01
1.000000000000000000e+00 1.062202380952380898e-01
2.000000000000000000e+00 9.065476190476190466e-02
3.000000000000000000e+00 8.175595238095238748e-02
4.000000000000000000e+00 7.050595238095237749e-02
5.000000000000000000e+00 6.913690476190476053e-02
6.000000000000000000e+00 5.916666666666666602e-02
7.000000000000000000e+00 5.610119047619047811e-02
8.000000000000000000e+00 5.282738095238095205e-02
9.000000000000000000e+00 5.104166666666666574e-02
1.000000000000000000e+01 4.833333333333333232e-02
1.100000000000000000e+01 4.654761904761904601e-02
1.200000000000000000e+01 4.434523809523809729e-02
1.300000000000000000e+01 4.273809523809523475e-02
1.400000000000000000e+01 4.014880952380952411e-02
1.500000000000000000e+01 3.877976190476190715e-02
1.600000000000000000e+01 3.752976190476190604e-02
1.700000000000000000e+01 3.559523809523809645e-02
1.800000000000000000e+01 3.443452380952381070e-02
1.900000000000000000e+01 3.321428571428571702e-02
2.000000000000000000e+01 3.178571428571428520e-02
2.100000000000000000e+01 3.092261904761904601e-02
2.200000000000000000e+01 2.949404761904761765e-02
2.300000000000000000e+01 2.916666666666666713e-02
2.400000000000000000e+01 2.752976190476190410e-02
2.500000000000000000e+01 2.702380952380952286e-02
2.600000000000000000e+01 2.610119047619047575e-02
2.700000000000000000e+01 2.538690476190476331e-02
2.800000000000000000e+01 2.470238095238095136e-02
2.900000000000000000e+01 2.392857142857142752e-02
3.000000000000000000e+01 2.351190476190476164e-02
3.100000000000000000e+01 2.297619047619047644e-02
3.200000000000000000e+01 2.244047619047619124e-02
3.300000000000000000e+01 2.244047619047619124e-02
3.400000000000000000e+01 2.175595238095237929e-02
3.500000000000000000e+01 2.098214285714285546e-02
3.600000000000000000e+01 2.080357142857142821e-02
3.700000000000000000e+01 2.056547619047618958e-02
3.800000000000000000e+01 1.970238095238095385e-02
3.900000000000000000e+01 1.970238095238095385e-02
4.000000000000000000e+01 1.919642857142857262e-02
4.100000000000000000e+01 1.866071428571428742e-02
4.200000000000000000e+01 1.827380952380952550e-02
4.300000000000000000e+01 1.770833333333333287e-02
4.400000000000000000e+01 1.738095238095238235e-02
4.500000000000000000e+01 1.720238095238095163e-02
4.600000000000000000e+01 1.717261904761904767e-02
4.700000000000000000e+01 1.693452380952380903e-02
4.800000000000000000e+01 1.654761904761904712e-02
4.900000000000000000e+01 1.645833333333333176e-02
5.000000000000000000e+01 1.604166666666666588e-02
5.100000000000000000e+01 1.610119047619047727e-02
5.200000000000000000e+01 1.595238095238095399e-02
5.300000000000000000e+01 1.589285714285714260e-02
5.400000000000000000e+01 1.568452380952380792e-02
5.500000000000000000e+01 1.532738095238095170e-02
5.600000000000000000e+01 1.491071428571428582e-02
5.700000000000000000e+01 1.437500000000000062e-02
5.800000000000000000e+01 1.449404761904761821e-02
5.900000000000000000e+01 1.422619047619047561e-02
6.000000000000000000e+01 1.407738095238095233e-02
6.100000000000000000e+01 1.386904761904761939e-02
6.200000000000000000e+01 1.395833333333333301e-02
6.300000000000000000e+01 1.380952380952380973e-02
6.400000000000000000e+01 1.339285714285714211e-02
6.500000000000000000e+01 1.345238095238095177e-02
6.600000000000000000e+01 1.321428571428571487e-02
6.700000000000000000e+01 1.315476190476190521e-02
6.800000000000000000e+01 1.306547619047618985e-02
6.900000000000000000e+01 1.306547619047618985e-02
7.000000000000000000e+01 1.282738095238095295e-02
7.100000000000000000e+01 1.258928571428571432e-02
7.200000000000000000e+01 1.247023809523809500e-02
7.300000000000000000e+01 1.226190476190476206e-02
7.400000000000000000e+01 1.199404761904761946e-02
7.500000000000000000e+01 1.166666666666666720e-02
7.600000000000000000e+01 1.119047619047618992e-02
7.700000000000000000e+01 1.127976190476190528e-02
7.800000000000000000e+01 1.119047619047618992e-02
7.900000000000000000e+01 1.136904761904761890e-02
8.000000000000000000e+01 1.116071428571428596e-02
8.100000000000000000e+01 1.095238095238095302e-02
8.200000000000000000e+01 1.098214285714285698e-02
8.300000000000000000e+01 1.098214285714285698e-02
8.400000000000000000e+01 1.062500000000000076e-02
8.500000000000000000e+01 1.056547619047619110e-02
8.600000000000000000e+01 1.059523809523809507e-02
8.700000000000000000e+01 1.047619047619047575e-02
8.800000000000000000e+01 1.023809523809523885e-02
8.900000000000000000e+01 1.026785714285714281e-02
9.000000000000000000e+01 1.032738095238095247e-02
9.100000000000000000e+01 1.011904761904761953e-02
9.200000000000000000e+01 9.970238095238094511e-03
9.300000000000000000e+01 1.002976190476190417e-02
9.400000000000000000e+01 9.880952380952380890e-03
9.500000000000000000e+01 9.761904761904761571e-03
9.600000000000000000e+01 9.583333333333332593e-03
9.700000000000000000e+01 9.642857142857142252e-03
9.800000000000000000e+01 9.374999999999999653e-03
9.900000000000000000e+01 9.285714285714286031e-03
1.000000000000000000e+02 9.196428571428570675e-03
1.010000000000000000e+02 8.958333333333333773e-03
1.020000000000000000e+02 8.750000000000000833e-03
1.030000000000000000e+02 9.017857142857143432e-03
1.040000000000000000e+02 8.720238095238095136e-03
1.050000000000000000e+02 8.630952380952381514e-03
1.060000000000000000e+02 8.482142857142856499e-03
1.070000000000000000e+02 8.482142857142856499e-03
1.080000000000000000e+02 8.333333333333333218e-03
1.090000000000000000e+02 8.333333333333333218e-03
1.100000000000000000e+02 8.363095238095238915e-03
1.110000000000000000e+02 8.244047619047619596e-03
1.120000000000000000e+02 8.154761904761904240e-03
1.130000000000000000e+02 8.125000000000000278e-03
1.140000000000000000e+02 7.886904761904761640e-03
1.150000000000000000e+02 7.857142857142857678e-03
1.160000000000000000e+02 7.797619047619048019e-03
1.170000000000000000e+02 7.708333333333333530e-03
1.180000000000000000e+02 7.619047619047619041e-03
1.190000000000000000e+02 7.678571428571428700e-03
1.200000000000000000e+02 7.529761904761904552e-03
1.210000000000000000e+02 7.738095238095238360e-03
1.220000000000000000e+02 7.648809523809523871e-03
1.230000000000000000e+02 7.559523809523809382e-03
1.240000000000000000e+02 7.499999999999999722e-03
1.250000000000000000e+02 7.351190476190476442e-03
1.260000000000000000e+02 7.499999999999999722e-03
1.270000000000000000e+02 7.410714285714286101e-03
1.280000000000000000e+02 7.202380952380952293e-03
1.290000000000000000e+02 7.172619047619047464e-03
1.300000000000000000e+02 7.172619047619047464e-03
1.310000000000000000e+02 7.351190476190476442e-03
1.320000000000000000e+02 7.321428571428571612e-03
1.330000000000000000e+02 7.142857142857142634e-03
1.340000000000000000e+02 7.172619047619047464e-03
1.350000000000000000e+02 7.142857142857142634e-03
1.360000000000000000e+02 7.172619047619047464e-03
1.370000000000000000e+02 7.053571428571428145e-03
1.380000000000000000e+02 7.023809523809524183e-03
1.390000000000000000e+02 6.904761904761904864e-03
1.400000000000000000e+02 7.023809523809524183e-03
1.410000000000000000e+02 6.964285714285714524e-03
1.420000000000000000e+02 6.994047619047619353e-03
1.430000000000000000e+02 7.053571428571428145e-03
1.440000000000000000e+02 6.994047619047619353e-03
1.450000000000000000e+02 6.964285714285714524e-03
1.460000000000000000e+02 6.904761904761904864e-03
1.470000000000000000e+02 6.845238095238095205e-03
1.480000000000000000e+02 6.815476190476190375e-03
1.490000000000000000e+02 6.785714285714285546e-03
1.500000000000000000e+02 6.875000000000000035e-03
1.510000000000000000e+02 6.755952380952380716e-03
1.520000000000000000e+02 6.785714285714285546e-03
1.530000000000000000e+02 6.696428571428571057e-03
1.540000000000000000e+02 6.666666666666667095e-03
1.550000000000000000e+02 6.577380952380952606e-03
1.560000000000000000e+02 6.607142857142857435e-03
1.570000000000000000e+02 6.607142857142857435e-03
1.580000000000000000e+02 6.577380952380952606e-03
1.590000000000000000e+02 6.636904761904762265e-03
1.600000000000000000e+02 6.547619047619047776e-03
1.610000000000000000e+02 6.577380952380952606e-03
1.620000000000000000e+02 6.488095238095238117e-03
1.630000000000000000e+02 6.369047619047618798e-03
1.640000000000000000e+02 6.458333333333333287e-03
1.650000000000000000e+02 6.398809523809523628e-03
1.660000000000000000e+02 6.636904761904762265e-03
1.670000000000000000e+02 6.696428571428571057e-03
1.680000000000000000e+02 6.577380952380952606e-03
1.690000000000000000e+02 6.607142857142857435e-03
1.700000000000000000e+02 6.666666666666667095e-03
1.710000000000000000e+02 6.666666666666667095e-03
1.720000000000000000e+02 6.607142857142857435e-03
1.730000000000000000e+02 6.607142857142857435e-03
1.740000000000000000e+02 6.636904761904762265e-03
1.750000000000000000e+02 6.547619047619047776e-03
1.760000000000000000e+02 6.517857142857142946e-03
1.770000000000000000e+02 6.488095238095238117e-03
1.780000000000000000e+02 6.547619047619047776e-03
1.790000000000000000e+02 6.339285714285713969e-03
1.800000000000000000e+02 6.369047619047618798e-03
1.810000000000000000e+02 6.369047619047618798e-03
1.820000000000000000e+02 6.369047619047618798e-03
1.830000000000000000e+02 6.339285714285713969e-03
1.840000000000000000e+02 6.339285714285713969e-03
1.850000000000000000e+02 6.398809523809523628e-03
1.860000000000000000e+02 6.309523809523809139e-03
1.870000000000000000e+02 6.309523809523809139e-03
1.880000000000000000e+02 6.309523809523809139e-03
1.890000000000000000e+02 6.250000000000000347e-03
1.900000000000000000e+02 6.250000000000000347e-03
1.910000000000000000e+02 6.160714285714285858e-03
1.920000000000000000e+02 6.190476190476190688e-03
1.930000000000000000e+02 6.250000000000000347e-03
1.940000000000000000e+02 6.190476190476190688e-03
1.950000000000000000e+02 6.160714285714285858e-03
1.960000000000000000e+02 6.071428571428571369e-03
1.970000000000000000e+02 6.130952380952381028e-03
1.980000000000000000e+02 6.130952380952381028e-03
1.990000000000000000e+02 6.130952380952381028e-03
