0.000000000000000000e+00 3.916666666666666630e-01
1.000000000000000000e+00 3.916666666666666630e-01
2.000000000000000000e+00 3.916666666666666630e-01
3.000000000000000000e+00 3.916666666666666630e-01
4.000000000000000000e+00 3.916666666666666630e-01
5.000000000000000000e+00 3.898333333333333095e-01
6.000000000000000000e+00 3.718333333333333490e-01
7.000000000000000000e+00 3.826666666666666550e-01
8.000000000000000000e+00 3.756666666666666488e-01
9.000000000000000000e+00 3.763333333333333530e-01
1.000000000000000000e+01 3.761666666666666492e-01
1.100000000000000000e+01 3.755000000000000004e-01
1.200000000000000000e+01 3.728333333333333499e-01
1.300000000000000000e+01 3.696666666666666434e-01
1.400000000000000000e+01 3.661666666666666403e-01
1.500000000000000000e+01 3.634999999999999898e-01
1.600000000000000000e+01 3.616666666666666918e-01
1.700000000000000000e+01 3.613333333333333397e-01
1.800000000000000000e+01 3.608333333333333393e-01
1.900000000000000000e+01 3.604999999999999871e-01
2.000000000000000000e+01 3.603333333333333388e-01
2.100000000000000000e+01 3.599999999999999867e-01
2.200000000000000000e+01 3.599999999999999867e-01
2.300000000000000000e+01 3.599999999999999867e-01
2.400000000000000000e+01 3.598333333333333384e-01
2.500000000000000000e+01 3.594999999999999862e-01
2.600000000000000000e+01 3.594999999999999862e-01
2.700000000000000000e+01 3.594999999999999862e-01
2.800000000000000000e+01 3.594999999999999862e-01
2.900000000000000000e+01 3.594999999999999862e-01
3.000000000000000000e+01 3.591666666666666896e-01
3.100000000000000000e+01 3.578333333333333366e-01
3.200000000000000000e+01 3.568333333333333357e-01
3.300000000000000000e+01 3.564999999999999836e-01
3.400000000000000000e+01 3.544999999999999818e-01
3.500000000000000000e+01 3.534999999999999809e-01
3.600000000000000000e+01 3.396666666666666723e-01
3.700000000000000000e+01 3.290000000000000147e-01
3.800000000000000000e+01 3.201666666666666550e-01
3.900000000000000000e+01 3.028333333333333433e-01
4.000000000000000000e+01 2.919999999999999818e-01
4.100000000000000000e+01 2.691666666666666652e-01
4.200000000000000000e+01 2.675000000000000155e-01
4.300000000000000000e+01 2.740000000000000213e-01
4.400000000000000000e+01 2.743333333333333179e-01
4.500000000000000000e+01 2.751666666666666705e-01
4.600000000000000000e+01 2.745000000000000218e-01
4.700000000000000000e+01 2.743333333333333179e-01
4.800000000000000000e+01 2.740000000000000213e-01
4.900000000000000000e+01 2.738333333333333175e-01
5.000000000000000000e+01 2.733333333333333171e-01
5.100000000000000000e+01 2.733333333333333171e-01
5.200000000000000000e+01 2.731666666666666687e-01
5.300000000000000000e+01 2.730000000000000204e-01
5.400000000000000000e+01 2.730000000000000204e-01
5.500000000000000000e+01 2.730000000000000204e-01
5.600000000000000000e+01 2.725000000000000200e-01
5.700000000000000000e+01 2.721666666666666679e-01
5.800000000000000000e+01 2.720000000000000195e-01
5.900000000000000000e+01 2.718333333333333157e-01
6.000000000000000000e+01 2.718333333333333157e-01
6.100000000000000000e+01 2.716666666666666674e-01
6.200000000000000000e+01 2.716666666666666674e-01
6.300000000000000000e+01 2.716666666666666674e-01
6.400000000000000000e+01 2.715000000000000191e-01
6.500000000000000000e+01 2.710000000000000187e-01
6.600000000000000000e+01 2.708333333333333148e-01
6.700000000000000000e+01 2.705000000000000182e-01
6.800000000000000000e+01 2.703333333333333144e-01
6.900000000000000000e+01 2.701666666666666661e-01
7.000000000000000000e+01 2.698333333333333139e-01
7.100000000000000000e+01 2.696666666666666656e-01
7.200000000000000000e+01 2.693333333333333135e-01
7.300000000000000000e+01 2.690000000000000169e-01
7.400000000000000000e+01 2.676666666666666639e-01
7.500000000000000000e+01 2.673333333333333117e-01
7.600000000000000000e+01 2.670000000000000151e-01
7.700000000000000000e+01 2.668333333333333113e-01
7.800000000000000000e+01 2.666666666666666630e-01
7.900000000000000000e+01 2.658333333333333104e-01
8.000000000000000000e+01 2.653333333333333099e-01
8.100000000000000000e+01 2.651666666666666616e-01
8.200000000000000000e+01 2.651666666666666616e-01
8.300000000000000000e+01 2.651666666666666616e-01
8.400000000000000000e+01 2.646666666666666612e-01
8.500000000000000000e+01 2.643333333333333091e-01
8.600000000000000000e+01 2.641666666666666607e-01
8.700000000000000000e+01 2.641666666666666607e-01
8.800000000000000000e+01 2.640000000000000124e-01
8.900000000000000000e+01 2.636666666666666603e-01
9.000000000000000000e+01 2.635000000000000120e-01
9.100000000000000000e+01 2.633333333333333082e-01
9.200000000000000000e+01 2.631666666666666599e-01
9.300000000000000000e+01 2.630000000000000115e-01
9.400000000000000000e+01 2.623333333333333073e-01
9.500000000000000000e+01 2.618333333333333068e-01
9.600000000000000000e+01 2.611666666666666581e-01
9.700000000000000000e+01 2.603333333333333610e-01
9.800000000000000000e+01 2.598333333333333606e-01
9.900000000000000000e+01 2.596666666666666567e-01
1.000000000000000000e+02 2.593333333333333601e-01
1.010000000000000000e+02 2.588333333333333597e-01
1.020000000000000000e+02 2.581666666666666554e-01
1.030000000000000000e+02 2.578333333333333588e-01
1.040000000000000000e+02 2.575000000000000067e-01
1.050000000000000000e+02 2.573333333333333584e-01
1.060000000000000000e+02 2.570000000000000062e-01
1.070000000000000000e+02 2.566666666666666541e-01
1.080000000000000000e+02 2.586666666666666559e-01
1.090000000000000000e+02 2.578333333333333588e-01
1.100000000000000000e+02 2.575000000000000067e-01
1.110000000000000000e+02 2.570000000000000062e-01
1.120000000000000000e+02 2.570000000000000062e-01
1.130000000000000000e+02 2.566666666666666541e-01
1.140000000000000000e+02 2.566666666666666541e-01
1.150000000000000000e+02 2.565000000000000058e-01
1.160000000000000000e+02 2.565000000000000058e-01
1.170000000000000000e+02 2.565000000000000058e-01
1.180000000000000000e+02 2.565000000000000058e-01
1.190000000000000000e+02 2.563333333333333575e-01
1.200000000000000000e+02 2.561666666666666536e-01
1.210000000000000000e+02 2.561666666666666536e-01
1.220000000000000000e+02 2.558333333333333570e-01
1.230000000000000000e+02 2.558333333333333570e-01
1.240000000000000000e+02 2.556666666666666532e-01
1.250000000000000000e+02 2.555000000000000049e-01
1.260000000000000000e+02 2.555000000000000049e-01
1.270000000000000000e+02 2.551666666666666528e-01
1.280000000000000000e+02 2.551666666666666528e-01
1.290000000000000000e+02 2.548333333333333561e-01
1.300000000000000000e+02 2.546666666666666523e-01
1.310000000000000000e+02 2.546666666666666523e-01
1.320000000000000000e+02 2.546666666666666523e-01
1.330000000000000000e+02 2.546666666666666523e-01
1.340000000000000000e+02 2.545000000000000040e-01
1.350000000000000000e+02 2.543333333333333557e-01
1.360000000000000000e+02 2.543333333333333557e-01
1.370000000000000000e+02 2.543333333333333557e-01
1.380000000000000000e+02 2.543333333333333557e-01
1.390000000000000000e+02 2.543333333333333557e-01
1.400000000000000000e+02 2.543333333333333557e-01
1.410000000000000000e+02 2.543333333333333557e-01
1.420000000000000000e+02 2.543333333333333557e-01
1.430000000000000000e+02 2.543333333333333557e-01
1.440000000000000000e+02 2.543333333333333557e-01
1.450000000000000000e+02 2.541666666666666519e-01
1.460000000000000000e+02 2.541666666666666519e-01
1.470000000000000000e+02 2.541666666666666519e-01
1.480000000000000000e+02 2.541666666666666519e-01
1.490000000000000000e+02 2.541666666666666519e-01
1.500000000000000000e+02 2.541666666666666519e-01
1.510000000000000000e+02 2.540000000000000036e-01
1.520000000000000000e+02 2.541666666666666519e-01
1.530000000000000000e+02 2.541666666666666519e-01
1.540000000000000000e+02 2.543333333333333557e-01
1.550000000000000000e+02 2.543333333333333557e-01
1.560000000000000000e+02 2.543333333333333557e-01
1.570000000000000000e+02 2.543333333333333557e-01
1.580000000000000000e+02 2.541666666666666519e-01
1.590000000000000000e+02 2.541666666666666519e-01
1.600000000000000000e+02 2.541666666666666519e-01
1.610000000000000000e+02 2.541666666666666519e-01
1.620000000000000000e+02 2.541666666666666519e-01
1.630000000000000000e+02 2.541666666666666519e-01
1.640000000000000000e+02 2.541666666666666519e-01
1.650000000000000000e+02 2.541666666666666519e-01
1.660000000000000000e+02 2.541666666666666519e-01
1.670000000000000000e+02 2.541666666666666519e-01
1.680000000000000000e+02 2.541666666666666519e-01
1.690000000000000000e+02 2.541666666666666519e-01
1.700000000000000000e+02 2.541666666666666519e-01
1.710000000000000000e+02 2.541666666666666519e-01
1.720000000000000000e+02 2.541666666666666519e-01
1.730000000000000000e+02 2.541666666666666519e-01
1.740000000000000000e+02 2.541666666666666519e-01
1.750000000000000000e+02 2.541666666666666519e-01
1.760000000000000000e+02 2.541666666666666519e-01
1.770000000000000000e+02 2.541666666666666519e-01
1.780000000000000000e+02 2.541666666666666519e-01
1.790000000000000000e+02 2.541666666666666519e-01
1.800000000000000000e+02 2.543333333333333557e-01
1.810000000000000000e+02 2.543333333333333557e-01
1.820000000000000000e+02 2.543333333333333557e-01
1.830000000000000000e+02 2.543333333333333557e-01
1.840000000000000000e+02 2.543333333333333557e-01
1.850000000000000000e+02 2.541666666666666519e-01
1.860000000000000000e+02 2.543333333333333557e-01
1.870000000000000000e+02 2.543333333333333557e-01
1.880000000000000000e+02 2.543333333333333557e-01
1.890000000000000000e+02 2.521666666666666501e-01
1.900000000000000000e+02 2.521666666666666501e-01
1.910000000000000000e+02 2.520000000000000018e-01
1.920000000000000000e+02 2.518333333333333535e-01
1.930000000000000000e+02 2.518333333333333535e-01
1.940000000000000000e+02 2.516666666666666496e-01
1.950000000000000000e+02 2.516666666666666496e-01
1.960000000000000000e+02 2.516666666666666496e-01
1.970000000000000000e+02 2.516666666666666496e-01
1.980000000000000000e+02 2.516666666666666496e-01
1.990000000000000000e+02 2.516666666666666496e-01
2.000000000000000000e+02 2.516666666666666496e-01
2.010000000000000000e+02 2.516666666666666496e-01
2.020000000000000000e+02 2.516666666666666496e-01
2.030000000000000000e+02 2.515000000000000013e-01
2.040000000000000000e+02 2.515000000000000013e-01
2.050000000000000000e+02 2.515000000000000013e-01
2.060000000000000000e+02 2.515000000000000013e-01
2.070000000000000000e+02 2.515000000000000013e-01
2.080000000000000000e+02 2.515000000000000013e-01
2.090000000000000000e+02 2.515000000000000013e-01
2.100000000000000000e+02 2.515000000000000013e-01
2.110000000000000000e+02 2.515000000000000013e-01
2.120000000000000000e+02 2.515000000000000013e-01
2.130000000000000000e+02 2.515000000000000013e-01
2.140000000000000000e+02 2.515000000000000013e-01
2.150000000000000000e+02 2.515000000000000013e-01
2.160000000000000000e+02 2.515000000000000013e-01
2.170000000000000000e+02 2.515000000000000013e-01
2.180000000000000000e+02 2.515000000000000013e-01
2.190000000000000000e+02 2.513333333333333530e-01
2.200000000000000000e+02 2.511666666666666492e-01
2.210000000000000000e+02 2.511666666666666492e-01
2.220000000000000000e+02 2.510000000000000009e-01
2.230000000000000000e+02 2.510000000000000009e-01
2.240000000000000000e+02 2.510000000000000009e-01
2.250000000000000000e+02 2.510000000000000009e-01
2.260000000000000000e+02 2.510000000000000009e-01
2.270000000000000000e+02 2.510000000000000009e-01
2.280000000000000000e+02 2.510000000000000009e-01
2.290000000000000000e+02 2.508333333333333526e-01
2.300000000000000000e+02 2.508333333333333526e-01
2.310000000000000000e+02 2.508333333333333526e-01
2.320000000000000000e+02 2.508333333333333526e-01
2.330000000000000000e+02 2.508333333333333526e-01
2.340000000000000000e+02 2.508333333333333526e-01
2.350000000000000000e+02 2.508333333333333526e-01
2.360000000000000000e+02 2.508333333333333526e-01
2.370000000000000000e+02 2.508333333333333526e-01
2.380000000000000000e+02 2.508333333333333526e-01
2.390000000000000000e+02 2.506666666666666488e-01
2.400000000000000000e+02 2.506666666666666488e-01
2.410000000000000000e+02 2.506666666666666488e-01
2.420000000000000000e+02 2.506666666666666488e-01
2.430000000000000000e+02 2.506666666666666488e-01
2.440000000000000000e+02 2.506666666666666488e-01
2.450000000000000000e+02 2.443333333333333468e-01
2.460000000000000000e+02 2.443333333333333468e-01
2.470000000000000000e+02 2.443333333333333468e-01
2.480000000000000000e+02 2.446666666666666712e-01
2.490000000000000000e+02 2.446666666666666712e-01
2.500000000000000000e+02 2.446666666666666712e-01
2.510000000000000000e+02 2.446666666666666712e-01
2.520000000000000000e+02 2.446666666666666712e-01
2.530000000000000000e+02 2.446666666666666712e-01
2.540000000000000000e+02 2.448333333333333195e-01
2.550000000000000000e+02 2.448333333333333195e-01
2.560000000000000000e+02 2.448333333333333195e-01
2.570000000000000000e+02 2.448333333333333195e-01
2.580000000000000000e+02 2.448333333333333195e-01
2.590000000000000000e+02 2.448333333333333195e-01
2.600000000000000000e+02 2.448333333333333195e-01
2.610000000000000000e+02 2.449999999999999956e-01
2.620000000000000000e+02 2.449999999999999956e-01
2.630000000000000000e+02 2.448333333333333195e-01
2.640000000000000000e+02 2.448333333333333195e-01
2.650000000000000000e+02 2.448333333333333195e-01
2.660000000000000000e+02 2.448333333333333195e-01
2.670000000000000000e+02 2.446666666666666712e-01
2.680000000000000000e+02 2.446666666666666712e-01
2.690000000000000000e+02 2.446666666666666712e-01
2.700000000000000000e+02 2.444999999999999951e-01
2.710000000000000000e+02 2.444999999999999951e-01
2.720000000000000000e+02 2.444999999999999951e-01
2.730000000000000000e+02 2.443333333333333468e-01
2.740000000000000000e+02 2.443333333333333468e-01
2.750000000000000000e+02 2.439999999999999947e-01
2.760000000000000000e+02 2.439999999999999947e-01
2.770000000000000000e+02 2.439999999999999947e-01
2.780000000000000000e+02 2.438333333333333464e-01
2.790000000000000000e+02 2.438333333333333464e-01
2.800000000000000000e+02 2.436666666666666703e-01
2.810000000000000000e+02 2.434999999999999942e-01
2.820000000000000000e+02 2.434999999999999942e-01
2.830000000000000000e+02 2.434999999999999942e-01
2.840000000000000000e+02 2.434999999999999942e-01
2.850000000000000000e+02 2.433333333333333459e-01
2.860000000000000000e+02 2.433333333333333459e-01
2.870000000000000000e+02 2.433333333333333459e-01
2.880000000000000000e+02 2.433333333333333459e-01
2.890000000000000000e+02 2.433333333333333459e-01
2.900000000000000000e+02 2.433333333333333459e-01
2.910000000000000000e+02 2.433333333333333459e-01
2.920000000000000000e+02 2.434999999999999942e-01
2.930000000000000000e+02 2.434999999999999942e-01
2.940000000000000000e+02 2.434999999999999942e-01
2.950000000000000000e+02 2.434999999999999942e-01
2.960000000000000000e+02 2.434999999999999942e-01
2.970000000000000000e+02 2.434999999999999942e-01
2.980000000000000000e+02 2.434999999999999942e-01
2.990000000000000000e+02 2.436666666666666703e-01
