0.000000000000000000e+00 2.518333333333333535e-01
1.000000000000000000e+00 2.301499999999999935e-01
2.000000000000000000e+00 2.146500000000000075e-01
3.000000000000000000e+00 2.028833333333333322e-01
4.000000000000000000e+00 2.011333333333333306e-01
5.000000000000000000e+00 1.955666666666666664e-01
6.000000000000000000e+00 1.943333333333333302e-01
7.000000000000000000e+00 1.882999999999999952e-01
8.000000000000000000e+00 1.838333333333333208e-01
9.000000000000000000e+00 1.876333333333333464e-01
1.000000000000000000e+01 1.824500000000000011e-01
1.100000000000000000e+01 1.804833333333333290e-01
1.200000000000000000e+01 1.801999999999999991e-01
1.300000000000000000e+01 1.766166666666666718e-01
1.400000000000000000e+01 1.768333333333333424e-01
1.500000000000000000e+01 1.764499999999999957e-01
1.600000000000000000e+01 1.757166666666666599e-01
1.700000000000000000e+01 1.752666666666666540e-01
1.800000000000000000e+01 1.739333333333333287e-01
1.900000000000000000e+01 1.718000000000000083e-01
2.000000000000000000e+01 1.702166666666666550e-01
2.100000000000000000e+01 1.717666666666666786e-01
2.200000000000000000e+01 1.706000000000000016e-01
2.300000000000000000e+01 1.678333333333333344e-01
2.400000000000000000e+01 1.659666666666666790e-01
2.500000000000000000e+01 1.686666666666666592e-01
2.600000000000000000e+01 1.684166666666666590e-01
2.700000000000000000e+01 1.654166666666666563e-01
2.800000000000000000e+01 1.639166666666666550e-01
2.900000000000000000e+01 1.640333333333333365e-01
3.000000000000000000e+01 1.643333333333333313e-01
3.100000000000000000e+01 1.620999999999999941e-01
3.200000000000000000e+01 1.625333333333333352e-01
3.300000000000000000e+01 1.625500000000000000e-01
3.400000000000000000e+01 1.622500000000000053e-01
3.500000000000000000e+01 1.593666666666666565e-01
3.600000000000000000e+01 1.611333333333333229e-01
3.700000000000000000e+01 1.604833333333333389e-01
3.800000000000000000e+01 1.593999999999999861e-01
3.900000000000000000e+01 1.608999999999999875e-01
4.000000000000000000e+01 1.590666666666666618e-01
4.100000000000000000e+01 1.590499999999999969e-01
4.200000000000000000e+01 1.613666666666666583e-01
4.300000000000000000e+01 1.601666666666666794e-01
4.400000000000000000e+01 1.573333333333333250e-01
4.500000000000000000e+01 1.579333333333333422e-01
4.600000000000000000e+01 1.577833333333333310e-01
4.700000000000000000e+01 1.563166666666666593e-01
4.800000000000000000e+01 1.569000000000000117e-01
4.900000000000000000e+01 1.552333333333333343e-01
5.000000000000000000e+01 1.549666666666666692e-01
5.100000000000000000e+01 1.537666666666666626e-01
5.200000000000000000e+01 1.538333333333333219e-01
5.300000000000000000e+01 1.559333333333333405e-01
5.400000000000000000e+01 1.555166666666666642e-01
5.500000000000000000e+01 1.535999999999999865e-01
5.600000000000000000e+01 1.523833333333333429e-01
5.700000000000000000e+01 1.540333333333333277e-01
5.800000000000000000e+01 1.565499999999999947e-01
5.900000000000000000e+01 1.525166666666666615e-01
6.000000000000000000e+01 1.535833333333333217e-01
6.100000000000000000e+01 1.518666666666666776e-01
6.200000000000000000e+01 1.506333333333333413e-01
6.300000000000000000e+01 1.512166666666666659e-01
6.400000000000000000e+01 1.508833333333333415e-01
6.500000000000000000e+01 1.496333333333333404e-01
6.600000000000000000e+01 1.506333333333333413e-01
6.700000000000000000e+01 1.500833333333333464e-01
6.800000000000000000e+01 1.517333333333333312e-01
6.900000000000000000e+01 1.502666666666666595e-01
7.000000000000000000e+01 1.494166666666666698e-01
7.100000000000000000e+01 1.489499999999999991e-01
7.200000000000000000e+01 1.501666666666666705e-01
7.300000000000000000e+01 1.476333333333333386e-01
7.400000000000000000e+01 1.479499999999999982e-01
7.500000000000000000e+01 1.473666666666666736e-01
7.600000000000000000e+01 1.484166666666666690e-01
7.700000000000000000e+01 1.464333333333333320e-01
7.800000000000000000e+01 1.464000000000000024e-01
7.900000000000000000e+01 1.469833333333333270e-01
8.000000000000000000e+01 1.451000000000000068e-01
8.100000000000000000e+01 1.486999999999999988e-01
8.200000000000000000e+01 1.445500000000000118e-01
8.300000000000000000e+01 1.465833333333333433e-01
8.400000000000000000e+01 1.462166666666666615e-01
8.500000000000000000e+01 1.446500000000000008e-01
8.600000000000000000e+01 1.466500000000000026e-01
8.700000000000000000e+01 1.430833333333333401e-01
8.800000000000000000e+01 1.453000000000000125e-01
8.900000000000000000e+01 1.450833333333333419e-01
9.000000000000000000e+01 1.444166666666666654e-01
9.100000000000000000e+01 1.461333333333333373e-01
9.200000000000000000e+01 1.459833333333333261e-01
9.300000000000000000e+01 1.436000000000000054e-01
9.400000000000000000e+01 1.448166666666666769e-01
9.500000000000000000e+01 1.449999999999999900e-01
9.600000000000000000e+01 1.441833333333333300e-01
9.700000000000000000e+01 1.457499999999999907e-01
9.800000000000000000e+01 1.444333333333333302e-01
9.900000000000000000e+01 1.431000000000000050e-01
1.000000000000000000e+02 1.445666666666666766e-01
1.010000000000000000e+02 1.416333333333333333e-01
1.020000000000000000e+02 1.431499999999999995e-01
1.030000000000000000e+02 1.436000000000000054e-01
1.040000000000000000e+02 1.426999999999999935e-01
1.050000000000000000e+02 1.418666666666666687e-01
1.060000000000000000e+02 1.426833333333333287e-01
1.070000000000000000e+02 1.418000000000000094e-01
1.080000000000000000e+02 1.410166666666666790e-01
1.090000000000000000e+02 1.403166666666666729e-01
1.100000000000000000e+02 1.406166666666666676e-01
1.110000000000000000e+02 1.410333333333333439e-01
1.120000000000000000e+02 1.436000000000000054e-01
1.130000000000000000e+02 1.402166666666666561e-01
1.140000000000000000e+02 1.415166666666666795e-01
1.150000000000000000e+02 1.413166666666666738e-01
1.160000000000000000e+02 1.398500000000000021e-01
1.170000000000000000e+02 1.402833333333333432e-01
1.180000000000000000e+02 1.398833333333333317e-01
1.190000000000000000e+02 1.407833333333333437e-01
1.200000000000000000e+02 1.409833333333333216e-01
1.210000000000000000e+02 1.388666666666666660e-01
1.220000000000000000e+02 1.395000000000000129e-01
1.230000000000000000e+02 1.416000000000000036e-01
1.240000000000000000e+02 1.414166666666666627e-01
1.250000000000000000e+02 1.391166666666666663e-01
1.260000000000000000e+02 1.390166666666666773e-01
1.270000000000000000e+02 1.396333333333333315e-01
1.280000000000000000e+02 1.402833333333333432e-01
1.290000000000000000e+02 1.399333333333333262e-01
1.300000000000000000e+02 1.399333333333333262e-01
1.310000000000000000e+02 1.409166666666666623e-01
1.320000000000000000e+02 1.393333333333333368e-01
1.330000000000000000e+02 1.371999999999999886e-01
1.340000000000000000e+02 1.383833333333333304e-01
1.350000000000000000e+02 1.371333333333333293e-01
1.360000000000000000e+02 1.375166666666666759e-01
1.370000000000000000e+02 1.398166666666666724e-01
1.380000000000000000e+02 1.392166666666666552e-01
1.390000000000000000e+02 1.385500000000000065e-01
1.400000000000000000e+02 1.382500000000000118e-01
1.410000000000000000e+02 1.377166666666666539e-01
1.420000000000000000e+02 1.371999999999999886e-01
1.430000000000000000e+02 1.388666666666666660e-01
1.440000000000000000e+02 1.366499999999999937e-01
1.450000000000000000e+02 1.375000000000000111e-01
1.460000000000000000e+02 1.373166666666666702e-01
1.470000000000000000e+02 1.377833333333333410e-01
1.480000000000000000e+02 1.377833333333333410e-01
1.490000000000000000e+02 1.360833333333333339e-01
1.500000000000000000e+02 1.371333333333333293e-01
1.510000000000000000e+02 1.361999999999999877e-01
1.520000000000000000e+02 1.385000000000000120e-01
1.530000000000000000e+02 1.371833333333333238e-01
1.540000000000000000e+02 1.370000000000000107e-01
1.550000000000000000e+02 1.360166666666666746e-01
1.560000000000000000e+02 1.357166666666666799e-01
1.570000000000000000e+02 1.343833333333333269e-01
1.580000000000000000e+02 1.353333333333333333e-01
1.590000000000000000e+02 1.351333333333333275e-01
1.600000000000000000e+02 1.370833333333333348e-01
1.610000000000000000e+02 1.372333333333333460e-01
1.620000000000000000e+02 1.335833333333333317e-01
1.630000000000000000e+02 1.356333333333333280e-01
1.640000000000000000e+02 1.348666666666666625e-01
1.650000000000000000e+02 1.358666666666666634e-01
1.660000000000000000e+02 1.367333333333333456e-01
1.670000000000000000e+02 1.347833333333333383e-01
1.680000000000000000e+02 1.368499999999999994e-01
1.690000000000000000e+02 1.355999999999999983e-01
1.700000000000000000e+02 1.366499999999999937e-01
1.710000000000000000e+02 1.360000000000000098e-01
1.720000000000000000e+02 1.360166666666666746e-01
1.730000000000000000e+02 1.348666666666666625e-01
1.740000000000000000e+02 1.345833333333333326e-01
1.750000000000000000e+02 1.343999999999999917e-01
1.760000000000000000e+02 1.352666666666666739e-01
1.770000000000000000e+02 1.335333333333333372e-01
1.780000000000000000e+02 1.345333333333333381e-01
1.790000000000000000e+02 1.345333333333333381e-01
1.800000000000000000e+02 1.324500000000000122e-01
1.810000000000000000e+02 1.337500000000000078e-01
1.820000000000000000e+02 1.330333333333333368e-01
1.830000000000000000e+02 1.318000000000000005e-01
1.840000000000000000e+02 1.318333333333333302e-01
1.850000000000000000e+02 1.321666666666666545e-01
1.860000000000000000e+02 1.329833333333333423e-01
1.870000000000000000e+02 1.324833333333333418e-01
1.880000000000000000e+02 1.329333333333333200e-01
1.890000000000000000e+02 1.323666666666666603e-01
1.900000000000000000e+02 1.320000000000000062e-01
1.910000000000000000e+02 1.319833333333333414e-01
1.920000000000000000e+02 1.329166666666666552e-01
1.930000000000000000e+02 1.321833333333333471e-01
1.940000000000000000e+02 1.310000000000000053e-01
1.950000000000000000e+02 1.313499999999999945e-01
1.960000000000000000e+02 1.307333333333333403e-01
1.970000000000000000e+02 1.314833333333333409e-01
1.980000000000000000e+02 1.340333333333333377e-01
1.990000000000000000e+02 1.330666666666666664e-01
2.000000000000000000e+02 1.313999999999999890e-01
2.010000000000000000e+02 1.333666666666666611e-01
2.020000000000000000e+02 1.318999999999999895e-01
2.030000000000000000e+02 1.323333333333333306e-01
2.040000000000000000e+02 1.313666666666666594e-01
2.050000000000000000e+02 1.320833333333333304e-01
2.060000000000000000e+02 1.316333333333333244e-01
2.070000000000000000e+02 1.308999999999999886e-01
2.080000000000000000e+02 1.314333333333333464e-01
2.090000000000000000e+02 1.312500000000000056e-01
2.100000000000000000e+02 1.324166666666666548e-01
2.110000000000000000e+02 1.320500000000000007e-01
2.120000000000000000e+02 1.314166666666666539e-01
2.130000000000000000e+02 1.310499999999999998e-01
2.140000000000000000e+02 1.311166666666666591e-01
2.150000000000000000e+02 1.316666666666666541e-01
2.160000000000000000e+02 1.305333333333333345e-01
2.170000000000000000e+02 1.306166666666666587e-01
2.180000000000000000e+02 1.314666666666666761e-01
2.190000000000000000e+02 1.306833333333333458e-01
2.200000000000000000e+02 1.308666666666666589e-01
2.210000000000000000e+02 1.297500000000000042e-01
2.220000000000000000e+02 1.296333333333333226e-01
2.230000000000000000e+02 1.306333333333333235e-01
2.240000000000000000e+02 1.309500000000000108e-01
2.250000000000000000e+02 1.305999999999999939e-01
2.260000000000000000e+02 1.303833333333333233e-01
2.270000000000000000e+02 1.294333333333333447e-01
2.280000000000000000e+02 1.310499999999999998e-01
2.290000000000000000e+02 1.304833333333333401e-01
2.300000000000000000e+02 1.302500000000000047e-01
2.310000000000000000e+02 1.298833333333333229e-01
2.320000000000000000e+02 1.309666666666666757e-01
2.330000000000000000e+02 1.298333333333333284e-01
2.340000000000000000e+02 1.315000000000000058e-01
2.350000000000000000e+02 1.303333333333333288e-01
2.360000000000000000e+02 1.305666666666666642e-01
2.370000000000000000e+02 1.297166666666666746e-01
2.380000000000000000e+02 1.299500000000000099e-01
2.390000000000000000e+02 1.300000000000000044e-01
2.400000000000000000e+02 1.318666666666666598e-01
2.410000000000000000e+02 1.310666666666666647e-01
2.420000000000000000e+02 1.284500000000000086e-01
2.430000000000000000e+02 1.303666666666666585e-01
2.440000000000000000e+02 1.296833333333333449e-01
2.450000000000000000e+02 1.309833333333333405e-01
2.460000000000000000e+02 1.285000000000000031e-01
2.470000000000000000e+02 1.289833333333333387e-01
2.480000000000000000e+02 1.306499999999999884e-01
2.490000000000000000e+02 1.294833333333333392e-01
2.500000000000000000e+02 1.299166666666666803e-01
2.510000000000000000e+02 1.279666666666666730e-01
2.520000000000000000e+02 1.295999999999999930e-01
2.530000000000000000e+02 1.287500000000000033e-01
2.540000000000000000e+02 1.290000000000000036e-01
2.550000000000000000e+02 1.283833333333333215e-01
2.560000000000000000e+02 1.280166666666666675e-01
2.570000000000000000e+02 1.300833333333333286e-01
2.580000000000000000e+02 1.287333333333333385e-01
2.590000000000000000e+02 1.286833333333333440e-01
2.600000000000000000e+02 1.292333333333333389e-01
2.610000000000000000e+02 1.289666666666666739e-01
2.620000000000000000e+02 1.293499999999999928e-01
2.630000000000000000e+02 1.274500000000000077e-01
2.640000000000000000e+02 1.285333333333333328e-01
2.650000000000000000e+02 1.274000000000000132e-01
2.660000000000000000e+02 1.279333333333333433e-01
2.670000000000000000e+02 1.277833333333333321e-01
2.680000000000000000e+02 1.277166666666666728e-01
2.690000000000000000e+02 1.265333333333333310e-01
2.700000000000000000e+02 1.272500000000000020e-01
2.710000000000000000e+02 1.268166666666666609e-01
2.720000000000000000e+02 1.274833333333333374e-01
2.730000000000000000e+02 1.266500000000000126e-01
2.740000000000000000e+02 1.267500000000000016e-01
2.750000000000000000e+02 1.271500000000000130e-01
2.760000000000000000e+02 1.271333333333333204e-01
2.770000000000000000e+02 1.270166666666666666e-01
2.780000000000000000e+02 1.277666666666666673e-01
2.790000000000000000e+02 1.275833333333333264e-01
2.800000000000000000e+02 1.279666666666666730e-01
2.810000000000000000e+02 1.261333333333333195e-01
2.820000000000000000e+02 1.271833333333333427e-01
2.830000000000000000e+02 1.267666666666666664e-01
2.840000000000000000e+02 1.255499999999999949e-01
2.850000000000000000e+02 1.260666666666666602e-01
2.860000000000000000e+02 1.278666666666666563e-01
2.870000000000000000e+02 1.251500000000000112e-01
2.880000000000000000e+02 1.254166666666666763e-01
2.890000000000000000e+02 1.263333333333333253e-01
2.900000000000000000e+02 1.260999999999999899e-01
2.910000000000000000e+02 1.256666666666666765e-01
2.920000000000000000e+02 1.250999999999999890e-01
2.930000000000000000e+02 1.258499999999999897e-01
2.940000000000000000e+02 1.261166666666666547e-01
2.950000000000000000e+02 1.266833333333333422e-01
2.960000000000000000e+02 1.258333333333333248e-01
2.970000000000000000e+02 1.247000000000000053e-01
2.980000000000000000e+02 1.250333333333333297e-01
2.990000000000000000e+02 1.265166666666666662e-01
3.000000000000000000e+02 1.270333333333333314e-01
3.010000000000000000e+02 1.264000000000000123e-01
3.020000000000000000e+02 1.255333333333333301e-01
3.030000000000000000e+02 1.252166666666666706e-01
3.040000000000000000e+02 1.270999999999999908e-01
3.050000000000000000e+02 1.268499999999999905e-01
3.060000000000000000e+02 1.265000000000000013e-01
3.070000000000000000e+02 1.262166666666666714e-01
3.080000000000000000e+02 1.275000000000000022e-01
3.090000000000000000e+02 1.265000000000000013e-01
3.100000000000000000e+02 1.254666666666666708e-01
3.110000000000000000e+02 1.253333333333333244e-01
3.120000000000000000e+02 1.258333333333333248e-01
3.130000000000000000e+02 1.253666666666666540e-01
3.140000000000000000e+02 1.265333333333333310e-01
3.150000000000000000e+02 1.266500000000000126e-01
3.160000000000000000e+02 1.271500000000000130e-01
3.170000000000000000e+02 1.260000000000000009e-01
3.180000000000000000e+02 1.270666666666666611e-01
3.190000000000000000e+02 1.245499999999999940e-01
3.200000000000000000e+02 1.252000000000000057e-01
3.210000000000000000e+02 1.258166666666666600e-01
3.220000000000000000e+02 1.251166666666666538e-01
3.230000000000000000e+02 1.259000000000000119e-01
3.240000000000000000e+02 1.249500000000000055e-01
3.250000000000000000e+02 1.243333333333333374e-01
3.260000000000000000e+02 1.249833333333333352e-01
3.270000000000000000e+02 1.257000000000000062e-01
3.280000000000000000e+02 1.261166666666666547e-01
3.290000000000000000e+02 1.258666666666666545e-01
3.300000000000000000e+02 1.262666666666666659e-01
3.310000000000000000e+02 1.252999999999999947e-01
3.320000000000000000e+02 1.241166666666666668e-01
3.330000000000000000e+02 1.250666666666666593e-01
3.340000000000000000e+02 1.241166666666666668e-01
3.350000000000000000e+02 1.252333333333333354e-01
3.360000000000000000e+02 1.247166666666666701e-01
3.370000000000000000e+02 1.229666666666666686e-01
3.380000000000000000e+02 1.248833333333333323e-01
3.390000000000000000e+02 1.245333333333333292e-01
3.400000000000000000e+02 1.241000000000000020e-01
3.410000000000000000e+02 1.233666666666666661e-01
3.420000000000000000e+02 1.245166666666666644e-01
3.430000000000000000e+02 1.232499999999999984e-01
3.440000000000000000e+02 1.244333333333333402e-01
3.450000000000000000e+02 1.245833333333333376e-01
3.460000000000000000e+02 1.228833333333333305e-01
3.470000000000000000e+02 1.223999999999999949e-01
3.480000000000000000e+02 1.229999999999999982e-01
3.490000000000000000e+02 1.244666666666666699e-01
3.500000000000000000e+02 1.232333333333333336e-01
3.510000000000000000e+02 1.244333333333333402e-01
3.520000000000000000e+02 1.231333333333333308e-01
3.530000000000000000e+02 1.234333333333333393e-01
3.540000000000000000e+02 1.243166666666666725e-01
3.550000000000000000e+02 1.239833333333333343e-01
3.560000000000000000e+02 1.236499999999999960e-01
3.570000000000000000e+02 1.236333333333333312e-01
3.580000000000000000e+02 1.230166666666666631e-01
3.590000000000000000e+02 1.235333333333333283e-01
3.600000000000000000e+02 1.238500000000000018e-01
3.610000000000000000e+02 1.227833333333333277e-01
3.620000000000000000e+02 1.229666666666666686e-01
3.630000000000000000e+02 1.221166666666666650e-01
3.640000000000000000e+02 1.229500000000000037e-01
3.650000000000000000e+02 1.233000000000000068e-01
3.660000000000000000e+02 1.223000000000000059e-01
3.670000000000000000e+02 1.230500000000000066e-01
3.680000000000000000e+02 1.233666666666666661e-01
3.690000000000000000e+02 1.240833333333333371e-01
3.700000000000000000e+02 1.226666666666666600e-01
3.710000000000000000e+02 1.236000000000000015e-01
3.720000000000000000e+02 1.231000000000000011e-01
3.730000000000000000e+02 1.233166666666666716e-01
3.740000000000000000e+02 1.247166666666666701e-01
3.750000000000000000e+02 1.243333333333333374e-01
3.760000000000000000e+02 1.233999999999999958e-01
3.770000000000000000e+02 1.238166666666666721e-01
3.780000000000000000e+02 1.223333333333333356e-01
3.790000000000000000e+02 1.243999999999999967e-01
3.800000000000000000e+02 1.232833333333333281e-01
3.810000000000000000e+02 1.211833333333333373e-01
3.820000000000000000e+02 1.212000000000000022e-01
3.830000000000000000e+02 1.239666666666666694e-01
3.840000000000000000e+02 1.224833333333333329e-01
3.850000000000000000e+02 1.224833333333333329e-01
3.860000000000000000e+02 1.230166666666666631e-01
3.870000000000000000e+02 1.242333333333333345e-01
3.880000000000000000e+02 1.224999999999999978e-01
3.890000000000000000e+02 1.227833333333333277e-01
3.900000000000000000e+02 1.227833333333333277e-01
3.910000000000000000e+02 1.217833333333333268e-01
3.920000000000000000e+02 1.219500000000000028e-01
3.930000000000000000e+02 1.226000000000000006e-01
3.940000000000000000e+02 1.224999999999999978e-01
3.950000000000000000e+02 1.228666666666666657e-01
3.960000000000000000e+02 1.225333333333333274e-01
3.970000000000000000e+02 1.213000000000000050e-01
3.980000000000000000e+02 1.226666666666666600e-01
3.990000000000000000e+02 1.227833333333333277e-01
4.000000000000000000e+02 1.227333333333333332e-01
4.010000000000000000e+02 1.210833333333333345e-01
4.020000000000000000e+02 1.224166666666666597e-01
4.030000000000000000e+02 1.230166666666666631e-01
4.040000000000000000e+02 1.230166666666666631e-01
4.050000000000000000e+02 1.218166666666666703e-01
4.060000000000000000e+02 1.219500000000000028e-01
4.070000000000000000e+02 1.209500000000000020e-01
4.080000000000000000e+02 1.214999999999999969e-01
4.090000000000000000e+02 1.237999999999999934e-01
4.100000000000000000e+02 1.222166666666666679e-01
4.110000000000000000e+02 1.218833333333333296e-01
4.120000000000000000e+02 1.221499999999999947e-01
4.130000000000000000e+02 1.217333333333333323e-01
4.140000000000000000e+02 1.216166666666666646e-01
4.150000000000000000e+02 1.203499999999999986e-01
4.160000000000000000e+02 1.219666666666666677e-01
4.170000000000000000e+02 1.209999999999999964e-01
4.180000000000000000e+02 1.202000000000000013e-01
4.190000000000000000e+02 1.215666666666666701e-01
4.200000000000000000e+02 1.213666666666666644e-01
4.210000000000000000e+02 1.210166666666666613e-01
4.220000000000000000e+02 1.206499999999999934e-01
4.230000000000000000e+02 1.205500000000000044e-01
4.240000000000000000e+02 1.201666666666666716e-01
4.250000000000000000e+02 1.203666666666666635e-01
4.260000000000000000e+02 1.213833333333333292e-01
4.270000000000000000e+02 1.212833333333333402e-01
4.280000000000000000e+02 1.211333333333333290e-01
4.290000000000000000e+02 1.207333333333333314e-01
4.300000000000000000e+02 1.207833333333333398e-01
4.310000000000000000e+02 1.207666666666666611e-01
4.320000000000000000e+02 1.210833333333333345e-01
4.330000000000000000e+02 1.209833333333333316e-01
4.340000000000000000e+02 1.208499999999999991e-01
4.350000000000000000e+02 1.197333333333333305e-01
4.360000000000000000e+02 1.199833333333333307e-01
4.370000000000000000e+02 1.209500000000000020e-01
4.380000000000000000e+02 1.203333333333333338e-01
4.390000000000000000e+02 1.201500000000000068e-01
4.400000000000000000e+02 1.194166666666666710e-01
4.410000000000000000e+02 1.214166666666666727e-01
4.420000000000000000e+02 1.195500000000000035e-01
4.430000000000000000e+02 1.208999999999999936e-01
4.440000000000000000e+02 1.213499999999999995e-01
4.450000000000000000e+02 1.215500000000000053e-01
4.460000000000000000e+02 1.210833333333333345e-01
4.470000000000000000e+02 1.198499999999999982e-01
4.480000000000000000e+02 1.203166666666666690e-01
4.490000000000000000e+02 1.203999999999999931e-01
4.500000000000000000e+02 1.207333333333333314e-01
4.510000000000000000e+02 1.211833333333333373e-01
4.520000000000000000e+02 1.208999999999999936e-01
4.530000000000000000e+02 1.207666666666666611e-01
4.540000000000000000e+02 1.201666666666666716e-01
4.550000000000000000e+02 1.205333333333333395e-01
4.560000000000000000e+02 1.209999999999999964e-01
4.570000000000000000e+02 1.204666666666666663e-01
4.580000000000000000e+02 1.210500000000000048e-01
4.590000000000000000e+02 1.208000000000000046e-01
4.600000000000000000e+02 1.201500000000000068e-01
4.610000000000000000e+02 1.197333333333333305e-01
4.620000000000000000e+02 1.194166666666666710e-01
4.630000000000000000e+02 1.195333333333333387e-01
4.640000000000000000e+02 1.210500000000000048e-01
4.650000000000000000e+02 1.194666666666666655e-01
4.660000000000000000e+02 1.205500000000000044e-01
4.670000000000000000e+02 1.186333333333333268e-01
4.680000000000000000e+02 1.194666666666666655e-01
4.690000000000000000e+02 1.200833333333333336e-01
4.700000000000000000e+02 1.200666666666666688e-01
4.710000000000000000e+02 1.195500000000000035e-01
4.720000000000000000e+02 1.203666666666666635e-01
4.730000000000000000e+02 1.208666666666666639e-01
4.740000000000000000e+02 1.196666666666666712e-01
4.750000000000000000e+02 1.181999999999999995e-01
4.760000000000000000e+02 1.208833333333333288e-01
4.770000000000000000e+02 1.188333333333333325e-01
4.780000000000000000e+02 1.202000000000000013e-01
4.790000000000000000e+02 1.199833333333333307e-01
4.800000000000000000e+02 1.197333333333333305e-01
4.810000000000000000e+02 1.198333333333333334e-01
4.820000000000000000e+02 1.191166666666666624e-01
4.830000000000000000e+02 1.177333333333333287e-01
4.840000000000000000e+02 1.181500000000000050e-01
4.850000000000000000e+02 1.190999999999999975e-01
4.860000000000000000e+02 1.203666666666666635e-01
4.870000000000000000e+02 1.187333333333333296e-01
4.880000000000000000e+02 1.192333333333333301e-01
4.890000000000000000e+02 1.189000000000000057e-01
4.900000000000000000e+02 1.182499999999999940e-01
4.910000000000000000e+02 1.198499999999999982e-01
4.920000000000000000e+02 1.193499999999999978e-01
4.930000000000000000e+02 1.189500000000000002e-01
4.940000000000000000e+02 1.194333333333333358e-01
4.950000000000000000e+02 1.179499999999999993e-01
4.960000000000000000e+02 1.192000000000000004e-01
4.970000000000000000e+02 1.174166666666666692e-01
4.980000000000000000e+02 1.177333333333333287e-01
4.990000000000000000e+02 1.183333333333333320e-01
