0.000000000000000000e+00 1.621166666666666589e-01
1.000000000000000000e+00 1.357666666666666744e-01
2.000000000000000000e+00 1.223833333333333301e-01
3.000000000000000000e+00 1.200500000000000039e-01
4.000000000000000000e+00 1.178333333333333316e-01
5.000000000000000000e+00 1.104666666666666713e-01
6.000000000000000000e+00 1.164000000000000035e-01
7.000000000000000000e+00 1.039833333333333304e-01
8.000000000000000000e+00 9.925000000000000488e-02
9.000000000000000000e+00 1.080499999999999933e-01
1.000000000000000000e+01 1.039833333333333304e-01
1.100000000000000000e+01 9.660000000000000531e-02
1.200000000000000000e+01 9.746666666666665979e-02
1.300000000000000000e+01 9.226666666666666350e-02
1.400000000000000000e+01 8.753333333333333799e-02
1.500000000000000000e+01 9.116666666666665975e-02
1.600000000000000000e+01 9.126666666666666261e-02
1.700000000000000000e+01 8.598333333333332829e-02
1.800000000000000000e+01 8.831666666666666832e-02
1.900000000000000000e+01 8.466666666666666785e-02
2.000000000000000000e+01 8.681666666666666698e-02
2.100000000000000000e+01 8.644999999999999907e-02
2.200000000000000000e+01 8.263333333333333641e-02
2.300000000000000000e+01 8.176666666666666805e-02
2.400000000000000000e+01 8.388333333333333752e-02
2.500000000000000000e+01 8.160000000000000586e-02
2.600000000000000000e+01 8.023333333333333706e-02
2.700000000000000000e+01 8.644999999999999907e-02
2.800000000000000000e+01 8.298333333333333950e-02
2.900000000000000000e+01 8.200000000000000344e-02
3.000000000000000000e+01 7.918333333333332780e-02
3.100000000000000000e+01 7.966666666666666341e-02
3.200000000000000000e+01 7.524999999999999745e-02
3.300000000000000000e+01 8.028333333333333155e-02
3.400000000000000000e+01 7.993333333333332846e-02
3.500000000000000000e+01 7.401666666666666117e-02
3.600000000000000000e+01 7.906666666666666010e-02
3.700000000000000000e+01 7.706666666666667220e-02
3.800000000000000000e+01 7.473333333333333217e-02
3.900000000000000000e+01 7.296666666666666579e-02
4.000000000000000000e+01 7.193333333333333524e-02
4.100000000000000000e+01 7.430000000000000493e-02
4.200000000000000000e+01 7.051666666666667194e-02
4.300000000000000000e+01 7.074999999999999345e-02
4.400000000000000000e+01 7.736666666666666692e-02
4.500000000000000000e+01 7.015000000000000402e-02
4.600000000000000000e+01 6.988333333333333897e-02
4.700000000000000000e+01 6.984999999999999543e-02
4.800000000000000000e+01 7.556666666666667087e-02
4.900000000000000000e+01 6.875000000000000555e-02
5.000000000000000000e+01 7.030000000000000138e-02
5.100000000000000000e+01 7.195000000000000007e-02
5.200000000000000000e+01 7.371666666666666645e-02
5.300000000000000000e+01 7.119999999999999940e-02
5.400000000000000000e+01 7.015000000000000402e-02
5.500000000000000000e+01 7.033333333333333104e-02
5.600000000000000000e+01 6.816666666666666707e-02
5.700000000000000000e+01 6.891666666666666774e-02
5.800000000000000000e+01 6.786666666666667236e-02
5.900000000000000000e+01 6.816666666666666707e-02
6.000000000000000000e+01 6.976666666666667127e-02
6.100000000000000000e+01 6.808333333333332904e-02
6.200000000000000000e+01 6.890000000000000291e-02
6.300000000000000000e+01 6.623333333333333850e-02
6.400000000000000000e+01 6.786666666666667236e-02
6.500000000000000000e+01 6.579999999999999738e-02
6.600000000000000000e+01 6.754999999999999893e-02
6.700000000000000000e+01 7.216666666666667063e-02
6.800000000000000000e+01 6.768333333333333146e-02
6.900000000000000000e+01 7.088333333333333985e-02
7.000000000000000000e+01 6.851666666666667016e-02
7.100000000000000000e+01 6.521666666666667278e-02
7.200000000000000000e+01 6.518333333333332924e-02
7.300000000000000000e+01 6.600000000000000311e-02
7.400000000000000000e+01 6.829999999999999960e-02
7.500000000000000000e+01 6.429999999999999605e-02
7.600000000000000000e+01 6.491666666666666419e-02
7.700000000000000000e+01 6.729999999999999871e-02
7.800000000000000000e+01 6.585000000000000575e-02
7.900000000000000000e+01 6.718333333333333102e-02
8.000000000000000000e+01 6.428333333333333122e-02
8.100000000000000000e+01 6.448333333333333695e-02
8.200000000000000000e+01 6.483333333333334003e-02
8.300000000000000000e+01 6.533333333333332660e-02
8.400000000000000000e+01 6.729999999999999871e-02
8.500000000000000000e+01 6.486666666666666969e-02
8.600000000000000000e+01 6.508333333333334025e-02
8.700000000000000000e+01 6.504999999999999671e-02
8.800000000000000000e+01 6.601666666666666794e-02
8.900000000000000000e+01 6.279999999999999472e-02
9.000000000000000000e+01 6.353333333333333055e-02
9.100000000000000000e+01 6.206666666666666582e-02
9.200000000000000000e+01 6.370000000000000662e-02
9.300000000000000000e+01 6.136666666666666659e-02
9.400000000000000000e+01 6.041666666666666713e-02
9.500000000000000000e+01 6.189999999999999669e-02
9.600000000000000000e+01 6.413333333333333386e-02
9.700000000000000000e+01 6.644999999999999518e-02
9.800000000000000000e+01 6.565000000000000002e-02
9.900000000000000000e+01 6.023333333333333317e-02
1.000000000000000000e+02 6.408333333333333937e-02
1.010000000000000000e+02 6.206666666666666582e-02
1.020000000000000000e+02 6.304999999999999494e-02
1.030000000000000000e+02 6.243333333333333374e-02
1.040000000000000000e+02 6.285000000000000309e-02
1.050000000000000000e+02 6.403333333333333099e-02
1.060000000000000000e+02 6.528333333333333210e-02
1.070000000000000000e+02 6.144999999999999768e-02
1.080000000000000000e+02 6.130000000000000032e-02
1.090000000000000000e+02 6.318333333333332746e-02
1.100000000000000000e+02 6.078333333333333505e-02
1.110000000000000000e+02 6.006666666666666404e-02
1.120000000000000000e+02 6.143333333333333285e-02
1.130000000000000000e+02 6.211666666666666725e-02
1.140000000000000000e+02 6.266666666666666219e-02
1.150000000000000000e+02 6.273333333333333539e-02
1.160000000000000000e+02 6.169999999999999790e-02
1.170000000000000000e+02 6.128333333333333549e-02
1.180000000000000000e+02 6.078333333333333505e-02
1.190000000000000000e+02 5.970000000000000306e-02
1.200000000000000000e+02 6.416666666666666352e-02
1.210000000000000000e+02 5.954999999999999877e-02
1.220000000000000000e+02 5.970000000000000306e-02
1.230000000000000000e+02 5.716666666666666424e-02
1.240000000000000000e+02 5.966666666666666646e-02
1.250000000000000000e+02 6.335000000000000353e-02
1.260000000000000000e+02 5.871666666666666701e-02
1.270000000000000000e+02 6.019999999999999657e-02
1.280000000000000000e+02 5.808333333333333404e-02
1.290000000000000000e+02 6.004999999999999921e-02
1.300000000000000000e+02 6.044999999999999679e-02
1.310000000000000000e+02 5.793333333333333668e-02
1.320000000000000000e+02 5.778333333333333238e-02
1.330000000000000000e+02 5.678333333333333149e-02
1.340000000000000000e+02 5.843333333333333018e-02
1.350000000000000000e+02 5.966666666666666646e-02
1.360000000000000000e+02 5.908333333333333492e-02
1.370000000000000000e+02 5.815000000000000030e-02
1.380000000000000000e+02 6.011666666666666548e-02
1.390000000000000000e+02 5.763333333333333502e-02
1.400000000000000000e+02 5.853333333333333305e-02
1.410000000000000000e+02 5.728333333333333194e-02
1.420000000000000000e+02 5.671666666666666523e-02
1.430000000000000000e+02 5.469999999999999862e-02
1.440000000000000000e+02 5.758333333333333359e-02
1.450000000000000000e+02 5.356666666666666521e-02
1.460000000000000000e+02 5.566666666666666985e-02
1.470000000000000000e+02 5.778333333333333238e-02
1.480000000000000000e+02 5.575000000000000094e-02
1.490000000000000000e+02 5.506666666666666654e-02
1.500000000000000000e+02 5.793333333333333668e-02
1.510000000000000000e+02 5.708333333333333315e-02
1.520000000000000000e+02 5.614999999999999852e-02
1.530000000000000000e+02 5.619999999999999996e-02
1.540000000000000000e+02 5.569999999999999951e-02
1.550000000000000000e+02 6.040000000000000230e-02
1.560000000000000000e+02 5.678333333333333149e-02
1.570000000000000000e+02 5.711666666666666975e-02
1.580000000000000000e+02 5.858333333333333448e-02
1.590000000000000000e+02 5.736666666666666997e-02
1.600000000000000000e+02 5.751666666666666733e-02
1.610000000000000000e+02 5.918333333333333085e-02
1.620000000000000000e+02 5.816666666666666513e-02
1.630000000000000000e+02 5.745000000000000107e-02
1.640000000000000000e+02 5.346666666666666928e-02
1.650000000000000000e+02 5.421666666666666995e-02
1.660000000000000000e+02 5.476666666666666489e-02
1.670000000000000000e+02 5.673333333333333006e-02
1.680000000000000000e+02 5.303333333333333510e-02
1.690000000000000000e+02 5.435000000000000248e-02
1.700000000000000000e+02 5.333333333333333676e-02
1.710000000000000000e+02 5.435000000000000248e-02
1.720000000000000000e+02 5.296666666666666884e-02
1.730000000000000000e+02 5.263333333333333058e-02
1.740000000000000000e+02 5.473333333333333522e-02
1.750000000000000000e+02 5.406666666666666565e-02
1.760000000000000000e+02 5.439999999999999697e-02
1.770000000000000000e+02 5.374999999999999917e-02
1.780000000000000000e+02 5.576666666666666577e-02
1.790000000000000000e+02 5.468333333333333379e-02
1.800000000000000000e+02 5.269999999999999685e-02
1.810000000000000000e+02 5.376666666666666400e-02
1.820000000000000000e+02 5.343333333333333268e-02
1.830000000000000000e+02 5.493333333333333401e-02
1.840000000000000000e+02 5.341666666666666785e-02
1.850000000000000000e+02 5.203333333333333421e-02
1.860000000000000000e+02 5.306666666666666476e-02
1.870000000000000000e+02 5.331666666666666499e-02
1.880000000000000000e+02 5.380000000000000060e-02
1.890000000000000000e+02 5.228333333333333444e-02
1.900000000000000000e+02 5.273333333333333345e-02
1.910000000000000000e+02 5.266666666666666718e-02
1.920000000000000000e+02 5.475000000000000006e-02
1.930000000000000000e+02 5.319999999999999729e-02
1.940000000000000000e+02 5.393333333333333313e-02
1.950000000000000000e+02 5.241666666666666696e-02
1.960000000000000000e+02 5.410000000000000225e-02
1.970000000000000000e+02 5.278333333333333488e-02
1.980000000000000000e+02 5.220000000000000334e-02
1.990000000000000000e+02 5.298333333333333367e-02
2.000000000000000000e+02 5.220000000000000334e-02
2.010000000000000000e+02 5.398333333333333456e-02
2.020000000000000000e+02 5.088333333333333597e-02
2.030000000000000000e+02 5.145000000000000268e-02
2.040000000000000000e+02 5.183333333333333542e-02
2.050000000000000000e+02 5.276666666666667005e-02
2.060000000000000000e+02 5.254999999999999949e-02
2.070000000000000000e+02 5.095000000000000223e-02
2.080000000000000000e+02 5.396666666666666973e-02
2.090000000000000000e+02 5.249999999999999806e-02
2.100000000000000000e+02 5.299999999999999850e-02
2.110000000000000000e+02 5.181666666666666365e-02
2.120000000000000000e+02 5.015000000000000013e-02
2.130000000000000000e+02 5.273333333333333345e-02
2.140000000000000000e+02 5.104999999999999816e-02
2.150000000000000000e+02 4.953333333333333199e-02
2.160000000000000000e+02 4.928333333333333177e-02
2.170000000000000000e+02 5.136666666666666464e-02
2.180000000000000000e+02 4.908333333333333298e-02
2.190000000000000000e+02 5.238333333333333036e-02
2.200000000000000000e+02 5.203333333333333421e-02
2.210000000000000000e+02 5.273333333333333345e-02
2.220000000000000000e+02 5.079999999999999793e-02
2.230000000000000000e+02 5.104999999999999816e-02
2.240000000000000000e+02 5.093333333333333046e-02
2.250000000000000000e+02 4.898333333333333012e-02
2.260000000000000000e+02 5.174999999999999739e-02
2.270000000000000000e+02 5.043333333333333002e-02
2.280000000000000000e+02 5.176666666666666916e-02
2.290000000000000000e+02 5.029999999999999749e-02
2.300000000000000000e+02 5.223333333333333300e-02
2.310000000000000000e+02 5.388333333333333169e-02
2.320000000000000000e+02 5.084999999999999937e-02
2.330000000000000000e+02 5.166666666666666630e-02
2.340000000000000000e+02 4.898333333333333012e-02
2.350000000000000000e+02 5.095000000000000223e-02
2.360000000000000000e+02 5.115000000000000102e-02
2.370000000000000000e+02 4.989999999999999991e-02
2.380000000000000000e+02 4.986666666666666331e-02
2.390000000000000000e+02 5.038333333333333552e-02
2.400000000000000000e+02 5.128333333333333355e-02
2.410000000000000000e+02 5.166666666666666630e-02
2.420000000000000000e+02 5.013333333333333530e-02
2.430000000000000000e+02 5.070000000000000201e-02
2.440000000000000000e+02 5.048333333333333145e-02
2.450000000000000000e+02 4.964999999999999969e-02
2.460000000000000000e+02 4.996666666666666617e-02
2.470000000000000000e+02 5.066666666666666541e-02
2.480000000000000000e+02 5.123333333333333212e-02
2.490000000000000000e+02 5.145000000000000268e-02
2.500000000000000000e+02 5.129999999999999838e-02
2.510000000000000000e+02 4.945000000000000090e-02
2.520000000000000000e+02 5.071666666666666684e-02
2.530000000000000000e+02 4.883333333333333276e-02
2.540000000000000000e+02 4.838333333333333375e-02
2.550000000000000000e+02 4.963333333333333486e-02
2.560000000000000000e+02 4.833333333333333232e-02
2.570000000000000000e+02 4.941666666666666430e-02
2.580000000000000000e+02 5.040000000000000036e-02
2.590000000000000000e+02 4.900000000000000189e-02
2.600000000000000000e+02 4.846666666666666484e-02
2.610000000000000000e+02 5.023333333333333123e-02
2.620000000000000000e+02 5.134999999999999981e-02
2.630000000000000000e+02 4.954999999999999682e-02
2.640000000000000000e+02 4.936666666666666980e-02
2.650000000000000000e+02 5.126666666666666872e-02
2.660000000000000000e+02 4.868333333333333540e-02
2.670000000000000000e+02 4.886666666666666936e-02
2.680000000000000000e+02 4.998333333333333101e-02
2.690000000000000000e+02 4.984999999999999848e-02
2.700000000000000000e+02 4.821666666666666462e-02
2.710000000000000000e+02 4.959999999999999826e-02
2.720000000000000000e+02 4.851666666666666627e-02
2.730000000000000000e+02 5.003333333333333244e-02
2.740000000000000000e+02 4.574999999999999900e-02
2.750000000000000000e+02 4.878333333333333133e-02
2.760000000000000000e+02 4.671666666666666329e-02
2.770000000000000000e+02 4.784999999999999670e-02
2.780000000000000000e+02 4.700000000000000011e-02
2.790000000000000000e+02 4.633333333333333054e-02
2.800000000000000000e+02 4.730000000000000177e-02
2.810000000000000000e+02 4.685000000000000275e-02
2.820000000000000000e+02 4.638333333333333197e-02
2.830000000000000000e+02 4.624999999999999944e-02
2.840000000000000000e+02 4.725000000000000033e-02
2.850000000000000000e+02 4.535000000000000142e-02
2.860000000000000000e+02 4.861666666666666914e-02
2.870000000000000000e+02 5.128333333333333355e-02
2.880000000000000000e+02 4.783333333333333187e-02
2.890000000000000000e+02 4.864999999999999880e-02
2.900000000000000000e+02 4.736666666666666803e-02
2.910000000000000000e+02 4.870000000000000023e-02
2.920000000000000000e+02 4.925000000000000211e-02
2.930000000000000000e+02 4.816666666666667013e-02
2.940000000000000000e+02 4.961666666666667003e-02
2.950000000000000000e+02 4.868333333333333540e-02
2.960000000000000000e+02 4.628333333333333605e-02
2.970000000000000000e+02 4.918333333333333585e-02
2.980000000000000000e+02 4.761666666666666825e-02
2.990000000000000000e+02 4.694999999999999868e-02
3.000000000000000000e+02 4.993333333333333651e-02
3.010000000000000000e+02 4.984999999999999848e-02
3.020000000000000000e+02 4.666666666666666879e-02
3.030000000000000000e+02 4.656666666666666593e-02
3.040000000000000000e+02 4.711666666666666781e-02
3.050000000000000000e+02 4.700000000000000011e-02
3.060000000000000000e+02 4.644999999999999823e-02
3.070000000000000000e+02 4.758333333333333165e-02
3.080000000000000000e+02 4.706666666666666637e-02
3.090000000000000000e+02 4.673333333333333506e-02
3.100000000000000000e+02 4.816666666666667013e-02
3.110000000000000000e+02 4.766666666666666968e-02
3.120000000000000000e+02 4.639999999999999680e-02
3.130000000000000000e+02 4.733333333333333143e-02
3.140000000000000000e+02 4.678333333333333649e-02
3.150000000000000000e+02 4.660000000000000253e-02
3.160000000000000000e+02 4.758333333333333165e-02
3.170000000000000000e+02 4.751666666666666539e-02
3.180000000000000000e+02 4.651666666666666450e-02
3.190000000000000000e+02 4.580000000000000043e-02
3.200000000000000000e+02 4.614999999999999658e-02
3.210000000000000000e+02 4.628333333333333605e-02
3.220000000000000000e+02 4.828333333333333088e-02
3.230000000000000000e+02 4.653333333333333627e-02
3.240000000000000000e+02 4.668333333333333363e-02
3.250000000000000000e+02 4.541666666666666768e-02
3.260000000000000000e+02 4.691666666666666902e-02
3.270000000000000000e+02 4.661666666666666736e-02
3.280000000000000000e+02 4.504999999999999977e-02
3.290000000000000000e+02 4.719999999999999890e-02
3.300000000000000000e+02 4.613333333333333175e-02
3.310000000000000000e+02 4.673333333333333506e-02
3.320000000000000000e+02 4.646666666666667000e-02
3.330000000000000000e+02 4.626666666666666428e-02
3.340000000000000000e+02 4.664999999999999702e-02
3.350000000000000000e+02 4.691666666666666902e-02
3.360000000000000000e+02 4.486666666666666581e-02
3.370000000000000000e+02 4.491666666666666724e-02
3.380000000000000000e+02 4.556666666666666504e-02
3.390000000000000000e+02 4.569999999999999757e-02
3.400000000000000000e+02 4.805000000000000243e-02
3.410000000000000000e+02 4.719999999999999890e-02
3.420000000000000000e+02 4.635000000000000231e-02
3.430000000000000000e+02 4.478333333333333471e-02
3.440000000000000000e+02 4.653333333333333627e-02
3.450000000000000000e+02 4.488333333333333064e-02
3.460000000000000000e+02 4.565000000000000308e-02
3.470000000000000000e+02 4.461666666666666559e-02
3.480000000000000000e+02 4.555000000000000021e-02
3.490000000000000000e+02 4.499999999999999833e-02
3.500000000000000000e+02 4.466666666666666702e-02
3.510000000000000000e+02 4.661666666666666736e-02
3.520000000000000000e+02 4.703333333333333671e-02
3.530000000000000000e+02 4.723333333333333550e-02
3.540000000000000000e+02 4.613333333333333175e-02
3.550000000000000000e+02 4.388333333333333669e-02
3.560000000000000000e+02 4.343333333333333074e-02
3.570000000000000000e+02 4.581666666666666526e-02
3.580000000000000000e+02 4.599999999999999922e-02
3.590000000000000000e+02 4.426666666666666944e-02
3.600000000000000000e+02 4.558333333333332987e-02
3.610000000000000000e+02 4.513333333333333086e-02
3.620000000000000000e+02 4.636666666666666714e-02
3.630000000000000000e+02 4.603333333333333582e-02
3.640000000000000000e+02 4.638333333333333197e-02
3.650000000000000000e+02 4.603333333333333582e-02
3.660000000000000000e+02 4.488333333333333064e-02
3.670000000000000000e+02 4.373333333333333239e-02
3.680000000000000000e+02 4.445000000000000340e-02
3.690000000000000000e+02 4.763333333333333308e-02
3.700000000000000000e+02 4.438333333333333020e-02
3.710000000000000000e+02 4.605000000000000066e-02
3.720000000000000000e+02 4.614999999999999658e-02
3.730000000000000000e+02 4.519999999999999712e-02
3.740000000000000000e+02 4.498333333333333350e-02
3.750000000000000000e+02 4.476666666666666988e-02
3.760000000000000000e+02 4.619999999999999801e-02
3.770000000000000000e+02 4.506666666666666460e-02
3.780000000000000000e+02 4.529999999999999999e-02
3.790000000000000000e+02 4.465000000000000219e-02
3.800000000000000000e+02 4.359999999999999987e-02
3.810000000000000000e+02 4.415000000000000174e-02
3.820000000000000000e+02 4.376666666666666899e-02
3.830000000000000000e+02 4.493333333333333207e-02
3.840000000000000000e+02 4.424999999999999767e-02
3.850000000000000000e+02 4.498333333333333350e-02
3.860000000000000000e+02 4.674999999999999989e-02
3.870000000000000000e+02 4.411666666666666514e-02
3.880000000000000000e+02 4.376666666666666899e-02
3.890000000000000000e+02 4.399999999999999745e-02
3.900000000000000000e+02 4.503333333333333494e-02
3.910000000000000000e+02 4.516666666666666746e-02
3.920000000000000000e+02 4.440000000000000197e-02
3.930000000000000000e+02 4.441666666666666680e-02
3.940000000000000000e+02 4.449999999999999789e-02
3.950000000000000000e+02 4.499999999999999833e-02
3.960000000000000000e+02 4.435000000000000053e-02
3.970000000000000000e+02 4.565000000000000308e-02
3.980000000000000000e+02 4.485000000000000098e-02
3.990000000000000000e+02 4.284999999999999920e-02
4.000000000000000000e+02 4.378333333333333383e-02
4.010000000000000000e+02 4.555000000000000021e-02
4.020000000000000000e+02 4.499999999999999833e-02
4.030000000000000000e+02 4.518333333333333229e-02
4.040000000000000000e+02 4.535000000000000142e-02
4.050000000000000000e+02 4.445000000000000340e-02
4.060000000000000000e+02 4.524999999999999856e-02
4.070000000000000000e+02 4.456666666666666415e-02
4.080000000000000000e+02 4.541666666666666768e-02
4.090000000000000000e+02 4.373333333333333239e-02
4.100000000000000000e+02 4.456666666666666415e-02
4.110000000000000000e+02 4.436666666666666536e-02
4.120000000000000000e+02 4.571666666666666934e-02
4.130000000000000000e+02 4.308333333333333459e-02
4.140000000000000000e+02 4.313333333333333602e-02
4.150000000000000000e+02 4.436666666666666536e-02
4.160000000000000000e+02 4.458333333333333592e-02
4.170000000000000000e+02 4.448333333333333306e-02
4.180000000000000000e+02 4.374999999999999722e-02
4.190000000000000000e+02 4.463333333333333042e-02
4.200000000000000000e+02 4.383333333333333526e-02
4.210000000000000000e+02 4.233333333333333393e-02
4.220000000000000000e+02 4.408333333333333548e-02
4.230000000000000000e+02 4.374999999999999722e-02
4.240000000000000000e+02 4.358333333333333504e-02
4.250000000000000000e+02 4.238333333333333536e-02
4.260000000000000000e+02 4.374999999999999722e-02
4.270000000000000000e+02 4.266666666666666524e-02
4.280000000000000000e+02 4.331666666666666998e-02
4.290000000000000000e+02 4.326666666666666855e-02
4.300000000000000000e+02 4.406666666666666371e-02
4.310000000000000000e+02 4.368333333333333096e-02
4.320000000000000000e+02 4.399999999999999745e-02
4.330000000000000000e+02 4.293333333333333030e-02
4.340000000000000000e+02 4.329999999999999821e-02
4.350000000000000000e+02 4.228333333333333249e-02
4.360000000000000000e+02 4.229999999999999732e-02
4.370000000000000000e+02 4.354999999999999843e-02
4.380000000000000000e+02 4.406666666666666371e-02
4.390000000000000000e+02 4.195000000000000118e-02
4.400000000000000000e+02 4.366666666666666613e-02
4.410000000000000000e+02 4.188333333333333491e-02
4.420000000000000000e+02 4.381666666666666349e-02
4.430000000000000000e+02 4.519999999999999712e-02
4.440000000000000000e+02 4.473333333333333328e-02
4.450000000000000000e+02 4.494999999999999690e-02
4.460000000000000000e+02 4.408333333333333548e-02
4.470000000000000000e+02 4.358333333333333504e-02
4.480000000000000000e+02 4.373333333333333239e-02
4.490000000000000000e+02 4.254999999999999755e-02
4.500000000000000000e+02 4.333333333333333481e-02
4.510000000000000000e+02 4.208333333333333370e-02
4.520000000000000000e+02 4.101666666666666655e-02
4.530000000000000000e+02 4.220000000000000140e-02
4.540000000000000000e+02 4.183333333333333348e-02
4.550000000000000000e+02 4.148333333333333039e-02
4.560000000000000000e+02 4.133333333333333304e-02
4.570000000000000000e+02 4.316666666666666569e-02
4.580000000000000000e+02 4.216666666666666480e-02
4.590000000000000000e+02 4.316666666666666569e-02
4.600000000000000000e+02 4.184999999999999831e-02
4.610000000000000000e+02 4.381666666666666349e-02
4.620000000000000000e+02 4.299999999999999656e-02
4.630000000000000000e+02 4.161666666666666986e-02
4.640000000000000000e+02 4.296666666666666690e-02
4.650000000000000000e+02 4.123333333333333017e-02
4.660000000000000000e+02 4.213333333333333514e-02
4.670000000000000000e+02 4.148333333333333039e-02
4.680000000000000000e+02 4.126666666666666677e-02
4.690000000000000000e+02 4.311666666666666425e-02
4.700000000000000000e+02 4.221666666666666623e-02
4.710000000000000000e+02 4.248333333333333128e-02
4.720000000000000000e+02 4.200000000000000261e-02
4.730000000000000000e+02 4.080000000000000293e-02
4.740000000000000000e+02 4.076666666666666633e-02
4.750000000000000000e+02 4.263333333333333558e-02
4.760000000000000000e+02 4.270000000000000184e-02
4.770000000000000000e+02 4.326666666666666855e-02
4.780000000000000000e+02 4.213333333333333514e-02
4.790000000000000000e+02 4.291666666666666546e-02
4.800000000000000000e+02 4.443333333333333163e-02
4.810000000000000000e+02 4.271666666666666667e-02
4.820000000000000000e+02 4.259999999999999898e-02
4.830000000000000000e+02 4.214999999999999997e-02
4.840000000000000000e+02 4.106666666666666798e-02
4.850000000000000000e+02 4.246666666666666645e-02
4.860000000000000000e+02 4.121666666666666534e-02
4.870000000000000000e+02 4.284999999999999920e-02
4.880000000000000000e+02 4.145000000000000073e-02
4.890000000000000000e+02 4.038333333333333358e-02
4.900000000000000000e+02 4.093333333333333546e-02
4.910000000000000000e+02 4.123333333333333017e-02
4.920000000000000000e+02 4.201666666666666744e-02
4.930000000000000000e+02 4.273333333333333151e-02
4.940000000000000000e+02 4.139999999999999930e-02
4.950000000000000000e+02 4.095000000000000029e-02
4.960000000000000000e+02 4.114999999999999908e-02
4.970000000000000000e+02 4.203333333333333227e-02
4.980000000000000000e+02 4.134999999999999787e-02
4.990000000000000000e+02 4.139999999999999930e-02
