0.000000000000000000e+00 4.100000000000000172e-02
1.000000000000000000e+00 3.749999999999999861e-02
2.000000000000000000e+00 3.799999999999999906e-02
3.000000000000000000e+00 3.350000000000000200e-02
4.000000000000000000e+00 3.150000000000000022e-02
5.000000000000000000e+00 3.049999999999999933e-02
6.000000000000000000e+00 2.850000000000000103e-02
7.000000000000000000e+00 3.099999999999999978e-02
8.000000000000000000e+00 2.800000000000000058e-02
9.000000000000000000e+00 2.549999999999999836e-02
1.000000000000000000e+01 2.549999999999999836e-02
1.100000000000000000e+01 2.450000000000000094e-02
1.200000000000000000e+01 2.549999999999999836e-02
1.300000000000000000e+01 2.299999999999999961e-02
1.400000000000000000e+01 2.199999999999999872e-02
1.500000000000000000e+01 2.249999999999999917e-02
1.600000000000000000e+01 2.050000000000000086e-02
1.700000000000000000e+01 2.249999999999999917e-02
1.800000000000000000e+01 2.050000000000000086e-02
1.900000000000000000e+01 2.050000000000000086e-02
