0.000000000000000000e+00 5.999999999999999778e-02
1.000000000000000000e+00 6.325000000000000067e-02
2.000000000000000000e+00 6.250000000000000000e-02
3.000000000000000000e+00 6.074999999999999845e-02
4.000000000000000000e+00 5.899999999999999689e-02
5.000000000000000000e+00 5.924999999999999711e-02
6.000000000000000000e+00 5.825000000000000316e-02
7.000000000000000000e+00 5.775000000000000272e-02
8.000000000000000000e+00 5.800000000000000294e-02
9.000000000000000000e+00 5.750000000000000250e-02
1.000000000000000000e+01 5.874999999999999667e-02
1.100000000000000000e+01 5.825000000000000316e-02
1.200000000000000000e+01 5.650000000000000161e-02
1.300000000000000000e+01 5.525000000000000050e-02
1.400000000000000000e+01 5.600000000000000117e-02
1.500000000000000000e+01 5.600000000000000117e-02
1.600000000000000000e+01 5.449999999999999983e-02
1.700000000000000000e+01 5.475000000000000006e-02
1.800000000000000000e+01 5.449999999999999983e-02
1.900000000000000000e+01 5.399999999999999939e-02
2.000000000000000000e+01 5.475000000000000006e-02
2.100000000000000000e+01 5.274999999999999828e-02
2.200000000000000000e+01 5.224999999999999784e-02
2.300000000000000000e+01 5.249999999999999806e-02
2.400000000000000000e+01 5.124999999999999695e-02
2.500000000000000000e+01 5.149999999999999717e-02
2.600000000000000000e+01 5.050000000000000322e-02
2.700000000000000000e+01 5.025000000000000300e-02
2.800000000000000000e+01 4.875000000000000167e-02
2.900000000000000000e+01 4.925000000000000211e-02
3.000000000000000000e+01 4.875000000000000167e-02
3.100000000000000000e+01 5.099999999999999672e-02
3.200000000000000000e+01 4.700000000000000011e-02
3.300000000000000000e+01 4.725000000000000033e-02
3.400000000000000000e+01 5.099999999999999672e-02
3.500000000000000000e+01 4.800000000000000100e-02
3.600000000000000000e+01 4.800000000000000100e-02
3.700000000000000000e+01 4.649999999999999967e-02
3.800000000000000000e+01 4.700000000000000011e-02
3.900000000000000000e+01 4.900000000000000189e-02
4.000000000000000000e+01 4.800000000000000100e-02
4.100000000000000000e+01 4.624999999999999944e-02
4.200000000000000000e+01 4.674999999999999989e-02
4.300000000000000000e+01 4.725000000000000033e-02
4.400000000000000000e+01 4.725000000000000033e-02
4.500000000000000000e+01 4.549999999999999878e-02
4.600000000000000000e+01 4.599999999999999922e-02
4.700000000000000000e+01 4.374999999999999722e-02
4.800000000000000000e+01 4.499999999999999833e-02
4.900000000000000000e+01 4.574999999999999900e-02
5.000000000000000000e+01 4.574999999999999900e-02
5.100000000000000000e+01 4.624999999999999944e-02
5.200000000000000000e+01 4.349999999999999700e-02
5.300000000000000000e+01 4.424999999999999767e-02
5.400000000000000000e+01 4.225000000000000283e-02
5.500000000000000000e+01 4.399999999999999745e-02
5.600000000000000000e+01 4.424999999999999767e-02
5.700000000000000000e+01 5.050000000000000322e-02
5.800000000000000000e+01 4.850000000000000144e-02
5.900000000000000000e+01 4.825000000000000122e-02
6.000000000000000000e+01 4.524999999999999856e-02
6.100000000000000000e+01 4.775000000000000078e-02
6.200000000000000000e+01 4.524999999999999856e-02
6.300000000000000000e+01 4.424999999999999767e-02
6.400000000000000000e+01 4.499999999999999833e-02
6.500000000000000000e+01 3.874999999999999972e-02
6.600000000000000000e+01 3.225000000000000089e-02
6.700000000000000000e+01 4.150000000000000216e-02
6.800000000000000000e+01 3.125000000000000000e-02
6.900000000000000000e+01 4.075000000000000150e-02
7.000000000000000000e+01 3.549999999999999684e-02
7.100000000000000000e+01 3.749999999999999861e-02
7.200000000000000000e+01 3.074999999999999956e-02
7.300000000000000000e+01 4.374999999999999722e-02
7.400000000000000000e+01 2.825000000000000080e-02
7.500000000000000000e+01 3.074999999999999956e-02
7.600000000000000000e+01 2.649999999999999925e-02
7.700000000000000000e+01 2.875000000000000125e-02
7.800000000000000000e+01 3.175000000000000044e-02
7.900000000000000000e+01 3.049999999999999933e-02
