0.000000000000000000e+00 1.665000000000000091e-01
1.000000000000000000e+00 1.135000000000000037e-01
2.000000000000000000e+00 8.350000000000000477e-02
3.000000000000000000e+00 6.950000000000000622e-02
4.000000000000000000e+00 5.999999999999999778e-02
5.000000000000000000e+00 5.899999999999999689e-02
6.000000000000000000e+00 5.850000000000000339e-02
7.000000000000000000e+00 5.349999999999999895e-02
8.000000000000000000e+00 5.249999999999999806e-02
9.000000000000000000e+00 5.099999999999999672e-02
1.000000000000000000e+01 4.900000000000000189e-02
1.100000000000000000e+01 4.549999999999999878e-02
1.200000000000000000e+01 4.100000000000000172e-02
1.300000000000000000e+01 3.899999999999999994e-02
1.400000000000000000e+01 3.649999999999999772e-02
1.500000000000000000e+01 3.549999999999999684e-02
1.600000000000000000e+01 3.500000000000000333e-02
1.700000000000000000e+01 3.300000000000000155e-02
1.800000000000000000e+01 3.150000000000000022e-02
1.900000000000000000e+01 2.999999999999999889e-02
