0.000000000000000000e+00 6.059999999999999831e-01
1.000000000000000000e+00 4.430000000000000049e-01
2.000000000000000000e+00 4.199999999999999845e-01
3.000000000000000000e+00 3.950000000000000178e-01
4.000000000000000000e+00 3.400000000000000244e-01
5.000000000000000000e+00 3.380000000000000226e-01
6.000000000000000000e+00 3.089999999999999969e-01
7.000000000000000000e+00 3.180000000000000049e-01
8.000000000000000000e+00 2.630000000000000115e-01
9.000000000000000000e+00 2.600000000000000089e-01
1.000000000000000000e+01 2.690000000000000169e-01
1.100000000000000000e+01 2.250000000000000056e-01
1.200000000000000000e+01 2.049999999999999878e-01
1.300000000000000000e+01 2.119999999999999940e-01
1.400000000000000000e+01 2.340000000000000135e-01
1.500000000000000000e+01 2.149999999999999967e-01
1.600000000000000000e+01 2.039999999999999869e-01
1.700000000000000000e+01 1.980000000000000093e-01
1.800000000000000000e+01 1.930000000000000049e-01
1.900000000000000000e+01 1.900000000000000022e-01
2.000000000000000000e+01 1.920000000000000040e-01
2.100000000000000000e+01 1.650000000000000078e-01
2.200000000000000000e+01 1.509999999999999953e-01
2.300000000000000000e+01 1.789999999999999925e-01
2.400000000000000000e+01 1.459999999999999909e-01
2.500000000000000000e+01 1.590000000000000024e-01
2.600000000000000000e+01 1.570000000000000007e-01
2.700000000000000000e+01 1.519999999999999962e-01
2.800000000000000000e+01 1.489999999999999936e-01
2.900000000000000000e+01 1.630000000000000060e-01
3.000000000000000000e+01 1.439999999999999891e-01
3.100000000000000000e+01 1.370000000000000107e-01
3.200000000000000000e+01 1.300000000000000044e-01
3.300000000000000000e+01 1.239999999999999991e-01
3.400000000000000000e+01 1.280000000000000027e-01
3.500000000000000000e+01 1.120000000000000023e-01
3.600000000000000000e+01 1.189999999999999947e-01
3.700000000000000000e+01 1.360000000000000098e-01
3.800000000000000000e+01 1.280000000000000027e-01
3.900000000000000000e+01 1.229999999999999982e-01
