0.000000000000000000e+00 3.325000000000000178e-01
1.000000000000000000e+00 2.720000000000000195e-01
2.000000000000000000e+00 2.447999999999999898e-01
3.000000000000000000e+00 2.235000000000000042e-01
4.000000000000000000e+00 2.025000000000000133e-01
5.000000000000000000e+00 1.917000000000000093e-01
6.000000000000000000e+00 1.792999999999999872e-01
7.000000000000000000e+00 1.756000000000000061e-01
8.000000000000000000e+00 1.637000000000000122e-01
9.000000000000000000e+00 1.557999999999999940e-01
1.000000000000000000e+01 1.487999999999999878e-01
1.100000000000000000e+01 1.433999999999999997e-01
1.200000000000000000e+01 1.406999999999999917e-01
1.300000000000000000e+01 1.360999999999999988e-01
1.400000000000000000e+01 1.315999999999999948e-01
1.500000000000000000e+01 1.267999999999999960e-01
1.600000000000000000e+01 1.218000000000000055e-01
1.700000000000000000e+01 1.185999999999999971e-01
1.800000000000000000e+01 1.174000000000000044e-01
1.900000000000000000e+01 1.152999999999999997e-01
2.000000000000000000e+01 1.097999999999999948e-01
2.100000000000000000e+01 1.054999999999999966e-01
2.200000000000000000e+01 1.044000000000000067e-01
2.300000000000000000e+01 1.019000000000000045e-01
2.400000000000000000e+01 9.619999999999999385e-02
2.500000000000000000e+01 9.779999999999999805e-02
2.600000000000000000e+01 9.370000000000000551e-02
2.700000000000000000e+01 9.089999999999999469e-02
2.800000000000000000e+01 9.110000000000000042e-02
2.900000000000000000e+01 9.039999999999999425e-02
3.000000000000000000e+01 8.759999999999999731e-02
3.100000000000000000e+01 8.799999999999999489e-02
3.200000000000000000e+01 8.379999999999999949e-02
3.300000000000000000e+01 8.640000000000000457e-02
3.400000000000000000e+01 7.950000000000000122e-02
3.500000000000000000e+01 7.860000000000000320e-02
3.600000000000000000e+01 7.599999999999999811e-02
3.700000000000000000e+01 7.259999999999999787e-02
3.800000000000000000e+01 7.109999999999999654e-02
3.900000000000000000e+01 7.019999999999999851e-02
4.000000000000000000e+01 6.840000000000000246e-02
4.100000000000000000e+01 6.740000000000000158e-02
4.200000000000000000e+01 6.400000000000000133e-02
4.300000000000000000e+01 6.189999999999999669e-02
4.400000000000000000e+01 5.940000000000000141e-02
4.500000000000000000e+01 5.960000000000000020e-02
4.600000000000000000e+01 5.770000000000000129e-02
4.700000000000000000e+01 5.859999999999999931e-02
4.800000000000000000e+01 5.970000000000000306e-02
4.900000000000000000e+01 5.550000000000000072e-02
5.000000000000000000e+01 5.920000000000000262e-02
5.100000000000000000e+01 5.510000000000000314e-02
5.200000000000000000e+01 5.399999999999999939e-02
5.300000000000000000e+01 5.380000000000000060e-02
5.400000000000000000e+01 5.279999999999999971e-02
5.500000000000000000e+01 5.140000000000000124e-02
5.600000000000000000e+01 4.889999999999999902e-02
5.700000000000000000e+01 5.009999999999999870e-02
5.800000000000000000e+01 4.950000000000000233e-02
5.900000000000000000e+01 4.870000000000000023e-02
6.000000000000000000e+01 4.700000000000000011e-02
6.100000000000000000e+01 4.529999999999999999e-02
6.200000000000000000e+01 4.510000000000000120e-02
6.300000000000000000e+01 4.519999999999999712e-02
6.400000000000000000e+01 4.270000000000000184e-02
6.500000000000000000e+01 4.340000000000000108e-02
6.600000000000000000e+01 4.229999999999999732e-02
6.700000000000000000e+01 4.200000000000000261e-02
6.800000000000000000e+01 3.969999999999999918e-02
6.900000000000000000e+01 4.009999999999999676e-02
7.000000000000000000e+01 3.749999999999999861e-02
7.100000000000000000e+01 3.889999999999999708e-02
7.200000000000000000e+01 3.969999999999999918e-02
7.300000000000000000e+01 3.880000000000000115e-02
7.400000000000000000e+01 3.690000000000000224e-02
7.500000000000000000e+01 3.660000000000000059e-02
7.600000000000000000e+01 3.699999999999999817e-02
7.700000000000000000e+01 3.699999999999999817e-02
7.800000000000000000e+01 3.549999999999999684e-02
7.900000000000000000e+01 3.509999999999999926e-02
8.000000000000000000e+01 3.729999999999999982e-02
8.100000000000000000e+01 3.579999999999999849e-02
8.200000000000000000e+01 3.350000000000000200e-02
8.300000000000000000e+01 3.440000000000000002e-02
8.400000000000000000e+01 3.459999999999999881e-02
8.500000000000000000e+01 3.379999999999999671e-02
8.600000000000000000e+01 3.280000000000000276e-02
8.700000000000000000e+01 3.309999999999999748e-02
8.800000000000000000e+01 3.370000000000000079e-02
8.900000000000000000e+01 3.200000000000000067e-02
9.000000000000000000e+01 3.219999999999999946e-02
9.100000000000000000e+01 3.160000000000000309e-02
9.200000000000000000e+01 3.109999999999999917e-02
9.300000000000000000e+01 2.869999999999999982e-02
9.400000000000000000e+01 3.080000000000000099e-02
9.500000000000000000e+01 3.090000000000000038e-02
9.600000000000000000e+01 2.889999999999999861e-02
9.700000000000000000e+01 2.920000000000000026e-02
9.800000000000000000e+01 3.020000000000000115e-02
9.900000000000000000e+01 2.980000000000000010e-02
