0.000000000000000000e+00 2.280000000000000082e-01
1.000000000000000000e+00 2.154999999999999971e-01
2.000000000000000000e+00 1.935000000000000053e-01
3.000000000000000000e+00 1.565000000000000002e-01
4.000000000000000000e+00 1.244999999999999996e-01
5.000000000000000000e+00 1.105000000000000010e-01
6.000000000000000000e+00 1.064999999999999974e-01
7.000000000000000000e+00 1.015000000000000069e-01
8.000000000000000000e+00 9.650000000000000244e-02
9.000000000000000000e+00 9.600000000000000200e-02
1.000000000000000000e+01 9.400000000000000022e-02
1.100000000000000000e+01 9.299999999999999933e-02
1.200000000000000000e+01 9.299999999999999933e-02
1.300000000000000000e+01 9.249999999999999889e-02
1.400000000000000000e+01 9.299999999999999933e-02
1.500000000000000000e+01 9.349999999999999978e-02
1.600000000000000000e+01 9.400000000000000022e-02
1.700000000000000000e+01 9.400000000000000022e-02
1.800000000000000000e+01 9.400000000000000022e-02
1.900000000000000000e+01 9.400000000000000022e-02
2.000000000000000000e+01 9.400000000000000022e-02
2.100000000000000000e+01 9.400000000000000022e-02
2.200000000000000000e+01 9.349999999999999978e-02
2.300000000000000000e+01 9.349999999999999978e-02
2.400000000000000000e+01 9.349999999999999978e-02
2.500000000000000000e+01 9.400000000000000022e-02
2.600000000000000000e+01 9.400000000000000022e-02
2.700000000000000000e+01 9.400000000000000022e-02
2.800000000000000000e+01 9.400000000000000022e-02
2.900000000000000000e+01 9.400000000000000022e-02
