0.000000000000000000e+00 1.499999999999999944e-01
1.000000000000000000e+00 1.499999999999999944e-01
2.000000000000000000e+00 1.499999999999999944e-01
3.000000000000000000e+00 1.400000000000000133e-01
4.000000000000000000e+00 1.199999999999999956e-01
5.000000000000000000e+00 1.199999999999999956e-01
6.000000000000000000e+00 1.100000000000000006e-01
7.000000000000000000e+00 1.000000000000000056e-01
8.000000000000000000e+00 1.000000000000000056e-01
9.000000000000000000e+00 1.000000000000000056e-01
1.000000000000000000e+01 1.000000000000000056e-01
1.100000000000000000e+01 8.999999999999999667e-02
1.200000000000000000e+01 8.999999999999999667e-02
1.300000000000000000e+01 8.000000000000000167e-02
1.400000000000000000e+01 5.999999999999999778e-02
1.500000000000000000e+01 5.999999999999999778e-02
1.600000000000000000e+01 5.999999999999999778e-02
1.700000000000000000e+01 5.999999999999999778e-02
1.800000000000000000e+01 5.999999999999999778e-02
1.900000000000000000e+01 5.999999999999999778e-02
2.000000000000000000e+01 5.999999999999999778e-02
2.100000000000000000e+01 5.000000000000000278e-02
2.200000000000000000e+01 5.000000000000000278e-02
2.300000000000000000e+01 5.000000000000000278e-02
2.400000000000000000e+01 5.000000000000000278e-02
2.500000000000000000e+01 5.000000000000000278e-02
2.600000000000000000e+01 5.000000000000000278e-02
2.700000000000000000e+01 5.999999999999999778e-02
2.800000000000000000e+01 5.999999999999999778e-02
2.900000000000000000e+01 5.999999999999999778e-02
3.000000000000000000e+01 5.999999999999999778e-02
3.100000000000000000e+01 5.999999999999999778e-02
3.200000000000000000e+01 5.000000000000000278e-02
3.300000000000000000e+01 5.000000000000000278e-02
3.400000000000000000e+01 5.000000000000000278e-02
3.500000000000000000e+01 5.000000000000000278e-02
3.600000000000000000e+01 5.000000000000000278e-02
3.700000000000000000e+01 5.000000000000000278e-02
3.800000000000000000e+01 5.000000000000000278e-02
3.900000000000000000e+01 5.000000000000000278e-02
4.000000000000000000e+01 5.000000000000000278e-02
4.100000000000000000e+01 5.000000000000000278e-02
4.200000000000000000e+01 5.000000000000000278e-02
4.300000000000000000e+01 5.000000000000000278e-02
4.400000000000000000e+01 5.000000000000000278e-02
4.500000000000000000e+01 5.000000000000000278e-02
4.600000000000000000e+01 5.000000000000000278e-02
4.700000000000000000e+01 4.000000000000000083e-02
4.800000000000000000e+01 4.000000000000000083e-02
4.900000000000000000e+01 4.000000000000000083e-02
