0.000000000000000000e+00 1.089999999999999997e-01
1.000000000000000000e+00 7.199999999999999456e-02
2.000000000000000000e+00 6.350000000000000089e-02
3.000000000000000000e+00 6.149999999999999911e-02
4.000000000000000000e+00 5.700000000000000205e-02
5.000000000000000000e+00 5.449999999999999983e-02
6.000000000000000000e+00 5.199999999999999761e-02
7.000000000000000000e+00 4.950000000000000233e-02
8.000000000000000000e+00 4.449999999999999789e-02
9.000000000000000000e+00 4.349999999999999700e-02
1.000000000000000000e+01 4.050000000000000128e-02
1.100000000000000000e+01 3.899999999999999994e-02
1.200000000000000000e+01 3.599999999999999728e-02
1.300000000000000000e+01 3.250000000000000111e-02
1.400000000000000000e+01 3.099999999999999978e-02
1.500000000000000000e+01 2.949999999999999845e-02
1.600000000000000000e+01 2.850000000000000103e-02
1.700000000000000000e+01 2.750000000000000014e-02
1.800000000000000000e+01 2.549999999999999836e-02
1.900000000000000000e+01 2.400000000000000050e-02
