0.000000000000000000e+00 4.899999999999999911e-01
1.000000000000000000e+00 4.329999999999999960e-01
2.000000000000000000e+00 4.189999999999999836e-01
3.000000000000000000e+00 4.040000000000000258e-01
4.000000000000000000e+00 3.529999999999999805e-01
5.000000000000000000e+00 3.619999999999999885e-01
6.000000000000000000e+00 3.310000000000000164e-01
7.000000000000000000e+00 3.360000000000000209e-01
8.000000000000000000e+00 2.829999999999999738e-01
9.000000000000000000e+00 2.640000000000000124e-01
1.000000000000000000e+01 2.740000000000000213e-01
1.100000000000000000e+01 2.389999999999999902e-01
1.200000000000000000e+01 2.469999999999999973e-01
1.300000000000000000e+01 2.540000000000000036e-01
1.400000000000000000e+01 2.250000000000000056e-01
1.500000000000000000e+01 2.240000000000000047e-01
1.600000000000000000e+01 2.260000000000000064e-01
1.700000000000000000e+01 2.129999999999999949e-01
1.800000000000000000e+01 1.980000000000000093e-01
1.900000000000000000e+01 2.020000000000000129e-01
2.000000000000000000e+01 1.819999999999999951e-01
2.100000000000000000e+01 1.960000000000000075e-01
2.200000000000000000e+01 1.880000000000000004e-01
2.300000000000000000e+01 1.759999999999999898e-01
2.400000000000000000e+01 1.680000000000000104e-01
2.500000000000000000e+01 1.650000000000000078e-01
2.600000000000000000e+01 1.600000000000000033e-01
2.700000000000000000e+01 1.620000000000000051e-01
2.800000000000000000e+01 1.549999999999999989e-01
2.900000000000000000e+01 1.479999999999999927e-01
3.000000000000000000e+01 1.539999999999999980e-01
3.100000000000000000e+01 1.370000000000000107e-01
3.200000000000000000e+01 1.479999999999999927e-01
3.300000000000000000e+01 1.479999999999999927e-01
3.400000000000000000e+01 1.409999999999999865e-01
3.500000000000000000e+01 1.390000000000000124e-01
3.600000000000000000e+01 1.459999999999999909e-01
3.700000000000000000e+01 1.409999999999999865e-01
3.800000000000000000e+01 1.390000000000000124e-01
3.900000000000000000e+01 1.449999999999999900e-01
4.000000000000000000e+01 1.260000000000000009e-01
4.100000000000000000e+01 1.290000000000000036e-01
4.200000000000000000e+01 1.209999999999999964e-01
4.300000000000000000e+01 1.469999999999999918e-01
4.400000000000000000e+01 1.179999999999999938e-01
4.500000000000000000e+01 1.089999999999999997e-01
4.600000000000000000e+01 1.120000000000000023e-01
4.700000000000000000e+01 1.140000000000000041e-01
4.800000000000000000e+01 1.100000000000000006e-01
4.900000000000000000e+01 1.079999999999999988e-01
5.000000000000000000e+01 1.079999999999999988e-01
5.100000000000000000e+01 1.069999999999999979e-01
5.200000000000000000e+01 1.039999999999999952e-01
5.300000000000000000e+01 9.500000000000000111e-02
5.400000000000000000e+01 9.900000000000000466e-02
5.500000000000000000e+01 8.999999999999999667e-02
5.600000000000000000e+01 9.299999999999999933e-02
5.700000000000000000e+01 9.600000000000000200e-02
5.800000000000000000e+01 1.029999999999999943e-01
5.900000000000000000e+01 8.899999999999999578e-02
6.000000000000000000e+01 7.799999999999999989e-02
6.100000000000000000e+01 8.500000000000000611e-02
6.200000000000000000e+01 8.999999999999999667e-02
6.300000000000000000e+01 9.400000000000000022e-02
6.400000000000000000e+01 8.500000000000000611e-02
6.500000000000000000e+01 6.800000000000000488e-02
6.600000000000000000e+01 7.000000000000000666e-02
6.700000000000000000e+01 7.599999999999999811e-02
6.800000000000000000e+01 8.000000000000000167e-02
6.900000000000000000e+01 8.599999999999999312e-02
7.000000000000000000e+01 6.500000000000000222e-02
7.100000000000000000e+01 7.199999999999999456e-02
7.200000000000000000e+01 8.200000000000000344e-02
7.300000000000000000e+01 6.600000000000000311e-02
7.400000000000000000e+01 6.900000000000000577e-02
7.500000000000000000e+01 7.499999999999999722e-02
7.600000000000000000e+01 7.099999999999999367e-02
7.700000000000000000e+01 8.100000000000000255e-02
7.800000000000000000e+01 6.700000000000000400e-02
7.900000000000000000e+01 5.800000000000000294e-02
8.000000000000000000e+01 6.800000000000000488e-02
8.100000000000000000e+01 7.000000000000000666e-02
8.200000000000000000e+01 6.900000000000000577e-02
8.300000000000000000e+01 6.199999999999999956e-02
8.400000000000000000e+01 6.300000000000000044e-02
8.500000000000000000e+01 5.600000000000000117e-02
8.600000000000000000e+01 6.900000000000000577e-02
8.700000000000000000e+01 5.999999999999999778e-02
8.800000000000000000e+01 7.399999999999999634e-02
8.900000000000000000e+01 6.500000000000000222e-02
9.000000000000000000e+01 7.399999999999999634e-02
9.100000000000000000e+01 5.700000000000000205e-02
9.200000000000000000e+01 5.399999999999999939e-02
9.300000000000000000e+01 6.099999999999999867e-02
9.400000000000000000e+01 5.999999999999999778e-02
9.500000000000000000e+01 5.399999999999999939e-02
9.600000000000000000e+01 5.800000000000000294e-02
9.700000000000000000e+01 5.199999999999999761e-02
9.800000000000000000e+01 5.399999999999999939e-02
9.900000000000000000e+01 6.400000000000000133e-02
