0.000000000000000000e+00 1.262666666666666659e-01
1.000000000000000000e+00 1.049500000000000016e-01
2.000000000000000000e+00 9.544999999999999318e-02
3.000000000000000000e+00 9.523333333333333650e-02
4.000000000000000000e+00 8.603333333333333666e-02
5.000000000000000000e+00 8.500000000000000611e-02
6.000000000000000000e+00 7.756666666666667265e-02
7.000000000000000000e+00 7.551666666666666250e-02
8.000000000000000000e+00 7.618333333333333901e-02
9.000000000000000000e+00 7.230000000000000315e-02
1.000000000000000000e+01 6.891666666666666774e-02
1.100000000000000000e+01 7.115000000000000491e-02
1.200000000000000000e+01 6.763333333333333697e-02
1.300000000000000000e+01 6.729999999999999871e-02
1.400000000000000000e+01 6.748333333333333961e-02
1.500000000000000000e+01 6.504999999999999671e-02
1.600000000000000000e+01 6.723333333333333939e-02
1.700000000000000000e+01 6.438333333333333408e-02
1.800000000000000000e+01 6.199999999999999956e-02
1.900000000000000000e+01 6.111666666666666636e-02
2.000000000000000000e+01 6.429999999999999605e-02
2.100000000000000000e+01 6.418333333333332835e-02
2.200000000000000000e+01 6.416666666666666352e-02
2.300000000000000000e+01 6.804999999999999938e-02
2.400000000000000000e+01 6.226666666666666461e-02
2.500000000000000000e+01 6.148333333333333428e-02
2.600000000000000000e+01 6.503333333333333188e-02
2.700000000000000000e+01 5.945000000000000284e-02
2.800000000000000000e+01 5.815000000000000030e-02
2.900000000000000000e+01 5.815000000000000030e-02
3.000000000000000000e+01 5.933333333333333515e-02
3.100000000000000000e+01 5.609999999999999709e-02
3.200000000000000000e+01 5.693333333333333579e-02
3.300000000000000000e+01 5.569999999999999951e-02
3.400000000000000000e+01 5.729999999999999677e-02
3.500000000000000000e+01 5.670000000000000040e-02
3.600000000000000000e+01 5.500000000000000028e-02
3.700000000000000000e+01 5.469999999999999862e-02
3.800000000000000000e+01 5.564999999999999808e-02
3.900000000000000000e+01 5.421666666666666995e-02
4.000000000000000000e+01 5.299999999999999850e-02
4.100000000000000000e+01 5.199999999999999761e-02
4.200000000000000000e+01 5.179999999999999882e-02
4.300000000000000000e+01 5.265000000000000235e-02
4.400000000000000000e+01 5.106666666666666993e-02
4.500000000000000000e+01 5.241666666666666696e-02
4.600000000000000000e+01 5.151666666666666894e-02
4.700000000000000000e+01 5.326666666666666355e-02
4.800000000000000000e+01 6.144999999999999768e-02
4.900000000000000000e+01 5.538333333333333303e-02
5.000000000000000000e+01 5.106666666666666993e-02
5.100000000000000000e+01 4.911666666666666958e-02
5.200000000000000000e+01 5.003333333333333244e-02
5.300000000000000000e+01 4.839999999999999858e-02
5.400000000000000000e+01 4.788333333333333330e-02
5.500000000000000000e+01 4.783333333333333187e-02
5.600000000000000000e+01 4.859999999999999737e-02
5.700000000000000000e+01 4.978333333333333222e-02
5.800000000000000000e+01 4.870000000000000023e-02
5.900000000000000000e+01 5.071666666666666684e-02
6.000000000000000000e+01 5.134999999999999981e-02
6.100000000000000000e+01 4.623333333333333461e-02
6.200000000000000000e+01 4.929999999999999660e-02
6.300000000000000000e+01 4.736666666666666803e-02
6.400000000000000000e+01 4.798333333333333617e-02
6.500000000000000000e+01 4.789999999999999813e-02
6.600000000000000000e+01 4.739999999999999769e-02
6.700000000000000000e+01 4.636666666666666714e-02
6.800000000000000000e+01 4.776666666666666561e-02
6.900000000000000000e+01 4.961666666666667003e-02
7.000000000000000000e+01 4.721666666666666373e-02
7.100000000000000000e+01 4.821666666666666462e-02
7.200000000000000000e+01 4.518333333333333229e-02
7.300000000000000000e+01 4.760000000000000342e-02
7.400000000000000000e+01 4.655000000000000110e-02
7.500000000000000000e+01 4.850000000000000144e-02
7.600000000000000000e+01 4.415000000000000174e-02
7.700000000000000000e+01 4.789999999999999813e-02
7.800000000000000000e+01 4.701666666666666494e-02
7.900000000000000000e+01 4.469999999999999668e-02
8.000000000000000000e+01 4.630000000000000088e-02
8.100000000000000000e+01 4.379999999999999866e-02
8.200000000000000000e+01 4.488333333333333064e-02
8.300000000000000000e+01 4.429999999999999910e-02
8.400000000000000000e+01 4.406666666666666371e-02
8.500000000000000000e+01 4.601666666666666405e-02
8.600000000000000000e+01 4.268333333333333007e-02
8.700000000000000000e+01 4.561666666666666647e-02
8.800000000000000000e+01 4.349999999999999700e-02
8.900000000000000000e+01 4.504999999999999977e-02
9.000000000000000000e+01 4.228333333333333249e-02
9.100000000000000000e+01 4.326666666666666855e-02
9.200000000000000000e+01 4.334999999999999964e-02
9.300000000000000000e+01 4.483333333333333615e-02
9.400000000000000000e+01 4.293333333333333030e-02
9.500000000000000000e+01 4.246666666666666645e-02
9.600000000000000000e+01 4.353333333333333360e-02
9.700000000000000000e+01 4.103333333333333138e-02
9.800000000000000000e+01 4.201666666666666744e-02
9.900000000000000000e+01 4.586666666666666670e-02
1.000000000000000000e+02 4.251666666666666788e-02
1.010000000000000000e+02 4.356666666666666327e-02
1.020000000000000000e+02 4.141666666666666413e-02
1.030000000000000000e+02 4.270000000000000184e-02
1.040000000000000000e+02 4.141666666666666413e-02
1.050000000000000000e+02 4.313333333333333602e-02
1.060000000000000000e+02 4.334999999999999964e-02
1.070000000000000000e+02 4.064999999999999863e-02
1.080000000000000000e+02 4.164999999999999952e-02
1.090000000000000000e+02 4.261666666666666381e-02
1.100000000000000000e+02 4.145000000000000073e-02
1.110000000000000000e+02 4.225000000000000283e-02
1.120000000000000000e+02 4.109999999999999765e-02
1.130000000000000000e+02 4.134999999999999787e-02
1.140000000000000000e+02 4.041666666666666324e-02
1.150000000000000000e+02 3.964999999999999775e-02
1.160000000000000000e+02 3.885000000000000259e-02
1.170000000000000000e+02 4.086666666666666919e-02
1.180000000000000000e+02 4.163333333333333469e-02
1.190000000000000000e+02 4.050000000000000128e-02
1.200000000000000000e+02 3.823333333333333445e-02
1.210000000000000000e+02 4.003333333333333049e-02
1.220000000000000000e+02 4.046666666666666468e-02
1.230000000000000000e+02 4.044999999999999984e-02
1.240000000000000000e+02 3.880000000000000115e-02
1.250000000000000000e+02 3.989999999999999797e-02
1.260000000000000000e+02 4.081666666666666776e-02
1.270000000000000000e+02 3.966666666666666952e-02
1.280000000000000000e+02 3.994999999999999940e-02
1.290000000000000000e+02 4.025000000000000105e-02
1.300000000000000000e+02 4.013333333333333336e-02
1.310000000000000000e+02 3.880000000000000115e-02
1.320000000000000000e+02 3.774999999999999883e-02
1.330000000000000000e+02 4.055000000000000271e-02
1.340000000000000000e+02 3.863333333333333203e-02
1.350000000000000000e+02 3.869999999999999829e-02
1.360000000000000000e+02 4.080000000000000293e-02
1.370000000000000000e+02 3.856666666666666576e-02
1.380000000000000000e+02 4.013333333333333336e-02
1.390000000000000000e+02 4.071666666666666490e-02
1.400000000000000000e+02 3.906666666666666621e-02
1.410000000000000000e+02 4.039999999999999841e-02
1.420000000000000000e+02 3.930000000000000160e-02
1.430000000000000000e+02 3.894999999999999851e-02
1.440000000000000000e+02 4.033333333333333215e-02
1.450000000000000000e+02 3.978333333333333027e-02
1.460000000000000000e+02 3.708333333333333620e-02
1.470000000000000000e+02 3.869999999999999829e-02
1.480000000000000000e+02 3.921666666666666357e-02
1.490000000000000000e+02 3.874999999999999972e-02
1.500000000000000000e+02 3.810000000000000192e-02
1.510000000000000000e+02 3.855000000000000093e-02
1.520000000000000000e+02 3.783333333333332993e-02
1.530000000000000000e+02 4.066666666666666347e-02
1.540000000000000000e+02 3.793333333333333279e-02
1.550000000000000000e+02 3.913333333333333247e-02
1.560000000000000000e+02 3.733333333333333642e-02
1.570000000000000000e+02 4.071666666666666490e-02
1.580000000000000000e+02 3.816666666666666818e-02
1.590000000000000000e+02 3.746666666666666895e-02
1.600000000000000000e+02 3.735000000000000125e-02
1.610000000000000000e+02 3.643333333333333146e-02
1.620000000000000000e+02 3.690000000000000224e-02
1.630000000000000000e+02 3.763333333333333114e-02
1.640000000000000000e+02 3.593333333333333102e-02
1.650000000000000000e+02 3.743333333333333235e-02
1.660000000000000000e+02 3.679999999999999938e-02
1.670000000000000000e+02 3.766666666666666774e-02
1.680000000000000000e+02 3.691666666666666707e-02
1.690000000000000000e+02 3.568333333333333079e-02
1.700000000000000000e+02 3.671666666666666828e-02
1.710000000000000000e+02 3.648333333333333289e-02
1.720000000000000000e+02 3.839999999999999664e-02
1.730000000000000000e+02 3.740000000000000269e-02
1.740000000000000000e+02 3.733333333333333642e-02
1.750000000000000000e+02 3.665000000000000202e-02
1.760000000000000000e+02 3.646666666666666806e-02
1.770000000000000000e+02 3.576666666666666883e-02
1.780000000000000000e+02 3.528333333333333321e-02
1.790000000000000000e+02 3.685000000000000081e-02
1.800000000000000000e+02 3.443333333333333662e-02
1.810000000000000000e+02 3.633333333333333554e-02
1.820000000000000000e+02 3.370000000000000079e-02
1.830000000000000000e+02 3.579999999999999849e-02
1.840000000000000000e+02 3.593333333333333102e-02
1.850000000000000000e+02 3.466666666666666508e-02
1.860000000000000000e+02 3.579999999999999849e-02
1.870000000000000000e+02 3.553333333333333344e-02
1.880000000000000000e+02 3.384999999999999815e-02
1.890000000000000000e+02 3.426666666666666750e-02
1.900000000000000000e+02 3.465000000000000024e-02
1.910000000000000000e+02 3.710000000000000103e-02
1.920000000000000000e+02 3.643333333333333146e-02
1.930000000000000000e+02 3.598333333333333245e-02
1.940000000000000000e+02 3.468333333333332991e-02
1.950000000000000000e+02 3.500000000000000333e-02
1.960000000000000000e+02 3.466666666666666508e-02
1.970000000000000000e+02 3.454999999999999738e-02
1.980000000000000000e+02 3.451666666666666772e-02
1.990000000000000000e+02 3.406666666666666871e-02
2.000000000000000000e+02 3.591666666666666619e-02
2.010000000000000000e+02 3.420000000000000123e-02
2.020000000000000000e+02 3.414999999999999980e-02
2.030000000000000000e+02 3.431666666666666893e-02
2.040000000000000000e+02 3.536666666666666431e-02
2.050000000000000000e+02 3.565000000000000113e-02
2.060000000000000000e+02 3.389999999999999958e-02
2.070000000000000000e+02 3.393333333333333618e-02
2.080000000000000000e+02 3.370000000000000079e-02
2.090000000000000000e+02 3.418333333333333640e-02
2.100000000000000000e+02 3.481666666666666937e-02
2.110000000000000000e+02 3.308333333333333265e-02
2.120000000000000000e+02 3.381666666666666848e-02
2.130000000000000000e+02 3.378333333333333188e-02
2.140000000000000000e+02 3.264999999999999847e-02
2.150000000000000000e+02 3.404999999999999694e-02
2.160000000000000000e+02 3.338333333333333430e-02
2.170000000000000000e+02 3.259999999999999704e-02
2.180000000000000000e+02 3.388333333333333475e-02
2.190000000000000000e+02 3.358333333333333309e-02
2.200000000000000000e+02 3.333333333333333287e-02
2.210000000000000000e+02 3.339999999999999913e-02
2.220000000000000000e+02 3.173333333333333561e-02
2.230000000000000000e+02 3.296666666666666495e-02
2.240000000000000000e+02 3.463333333333333541e-02
2.250000000000000000e+02 3.361666666666666969e-02
2.260000000000000000e+02 3.556666666666667004e-02
2.270000000000000000e+02 3.336666666666666947e-02
2.280000000000000000e+02 3.289999999999999869e-02
2.290000000000000000e+02 3.361666666666666969e-02
2.300000000000000000e+02 3.276666666666666616e-02
2.310000000000000000e+02 3.226666666666666572e-02
2.320000000000000000e+02 3.284999999999999726e-02
2.330000000000000000e+02 3.214999999999999802e-02
2.340000000000000000e+02 3.209999999999999659e-02
2.350000000000000000e+02 3.321666666666666518e-02
2.360000000000000000e+02 3.211666666666666836e-02
2.370000000000000000e+02 3.275000000000000133e-02
2.380000000000000000e+02 3.278333333333333099e-02
2.390000000000000000e+02 3.301666666666666639e-02
2.400000000000000000e+02 3.211666666666666836e-02
2.410000000000000000e+02 3.264999999999999847e-02
2.420000000000000000e+02 3.163333333333333275e-02
2.430000000000000000e+02 3.158333333333333132e-02
2.440000000000000000e+02 3.295000000000000012e-02
2.450000000000000000e+02 3.081666666666666582e-02
2.460000000000000000e+02 3.269999999999999990e-02
2.470000000000000000e+02 3.191666666666666957e-02
2.480000000000000000e+02 3.208333333333333176e-02
2.490000000000000000e+02 3.141666666666666913e-02
2.500000000000000000e+02 3.136666666666666770e-02
2.510000000000000000e+02 3.234999999999999681e-02
2.520000000000000000e+02 3.160000000000000309e-02
2.530000000000000000e+02 3.106666666666666604e-02
2.540000000000000000e+02 3.168333333333333418e-02
2.550000000000000000e+02 3.133333333333333109e-02
2.560000000000000000e+02 3.306666666666666782e-02
2.570000000000000000e+02 3.230000000000000232e-02
2.580000000000000000e+02 3.275000000000000133e-02
2.590000000000000000e+02 3.196666666666666407e-02
2.600000000000000000e+02 3.221666666666666429e-02
2.610000000000000000e+02 3.239999999999999825e-02
2.620000000000000000e+02 3.130000000000000143e-02
2.630000000000000000e+02 3.363333333333333452e-02
2.640000000000000000e+02 3.070000000000000159e-02
2.650000000000000000e+02 3.078333333333333269e-02
2.660000000000000000e+02 3.094999999999999835e-02
2.670000000000000000e+02 3.101666666666666808e-02
2.680000000000000000e+02 3.141666666666666913e-02
2.690000000000000000e+02 3.148333333333333539e-02
2.700000000000000000e+02 3.155000000000000165e-02
2.710000000000000000e+02 3.128333333333333660e-02
2.720000000000000000e+02 3.144999999999999879e-02
2.730000000000000000e+02 3.135000000000000286e-02
2.740000000000000000e+02 3.080000000000000099e-02
2.750000000000000000e+02 3.238333333333333341e-02
2.760000000000000000e+02 3.115000000000000061e-02
2.770000000000000000e+02 2.988333333333333466e-02
2.780000000000000000e+02 3.033333333333333368e-02
2.790000000000000000e+02 3.161666666666666792e-02
2.800000000000000000e+02 3.028333333333333224e-02
2.810000000000000000e+02 2.966666666666666757e-02
2.820000000000000000e+02 3.071666666666666642e-02
2.830000000000000000e+02 3.126666666666666483e-02
2.840000000000000000e+02 3.061666666666666703e-02
2.850000000000000000e+02 3.080000000000000099e-02
2.860000000000000000e+02 3.030000000000000054e-02
2.870000000000000000e+02 3.118333333333333374e-02
2.880000000000000000e+02 3.144999999999999879e-02
2.890000000000000000e+02 3.111666666666666747e-02
2.900000000000000000e+02 3.048333333333333450e-02
2.910000000000000000e+02 3.058333333333333390e-02
2.920000000000000000e+02 3.028333333333333224e-02
2.930000000000000000e+02 3.081666666666666582e-02
2.940000000000000000e+02 2.935000000000000109e-02
2.950000000000000000e+02 2.933333333333333279e-02
2.960000000000000000e+02 3.163333333333333275e-02
2.970000000000000000e+02 2.993333333333333263e-02
2.980000000000000000e+02 2.998333333333333406e-02
2.990000000000000000e+02 3.261666666666666881e-02
3.000000000000000000e+02 3.099999999999999978e-02
3.010000000000000000e+02 3.266666666666666330e-02
3.020000000000000000e+02 3.094999999999999835e-02
3.030000000000000000e+02 3.023333333333333428e-02
3.040000000000000000e+02 2.885000000000000064e-02
3.050000000000000000e+02 2.970000000000000070e-02
3.060000000000000000e+02 2.866666666666666669e-02
3.070000000000000000e+02 2.956666666666666818e-02
3.080000000000000000e+02 2.911666666666666570e-02
3.090000000000000000e+02 3.070000000000000159e-02
3.100000000000000000e+02 2.993333333333333263e-02
3.110000000000000000e+02 3.028333333333333224e-02
3.120000000000000000e+02 2.936666666666666592e-02
3.130000000000000000e+02 2.853333333333333416e-02
3.140000000000000000e+02 2.878333333333333438e-02
3.150000000000000000e+02 2.936666666666666592e-02
3.160000000000000000e+02 2.900000000000000147e-02
3.170000000000000000e+02 2.878333333333333438e-02
3.180000000000000000e+02 3.036666666666666681e-02
3.190000000000000000e+02 2.949999999999999845e-02
3.200000000000000000e+02 3.046666666666666620e-02
3.210000000000000000e+02 2.889999999999999861e-02
3.220000000000000000e+02 2.904999999999999943e-02
3.230000000000000000e+02 2.929999999999999966e-02
3.240000000000000000e+02 2.846666666666666790e-02
3.250000000000000000e+02 2.963333333333333444e-02
3.260000000000000000e+02 2.886666666666666548e-02
3.270000000000000000e+02 2.896666666666666834e-02
3.280000000000000000e+02 2.951666666666666675e-02
3.290000000000000000e+02 2.928333333333333482e-02
3.300000000000000000e+02 2.796666666666666745e-02
3.310000000000000000e+02 2.986666666666666636e-02
3.320000000000000000e+02 2.790000000000000119e-02
3.330000000000000000e+02 2.951666666666666675e-02
3.340000000000000000e+02 2.873333333333333295e-02
3.350000000000000000e+02 3.101666666666666808e-02
3.360000000000000000e+02 2.953333333333333505e-02
3.370000000000000000e+02 2.806666666666666685e-02
3.380000000000000000e+02 2.863333333333333355e-02
3.390000000000000000e+02 2.768333333333333410e-02
3.400000000000000000e+02 2.891666666666666691e-02
3.410000000000000000e+02 2.801666666666666541e-02
3.420000000000000000e+02 2.778333333333333349e-02
3.430000000000000000e+02 2.856666666666666729e-02
3.440000000000000000e+02 2.753333333333333327e-02
3.450000000000000000e+02 2.826666666666666564e-02
3.460000000000000000e+02 2.784999999999999976e-02
3.470000000000000000e+02 3.039999999999999994e-02
3.480000000000000000e+02 2.879999999999999921e-02
3.490000000000000000e+02 2.718333333333333365e-02
3.500000000000000000e+02 2.794999999999999915e-02
3.510000000000000000e+02 2.938333333333333422e-02
3.520000000000000000e+02 2.985000000000000153e-02
3.530000000000000000e+02 2.875000000000000125e-02
3.540000000000000000e+02 2.778333333333333349e-02
3.550000000000000000e+02 2.904999999999999943e-02
3.560000000000000000e+02 2.854999999999999899e-02
3.570000000000000000e+02 2.731666666666666618e-02
3.580000000000000000e+02 2.793333333333333432e-02
3.590000000000000000e+02 2.718333333333333365e-02
3.600000000000000000e+02 2.724999999999999992e-02
3.610000000000000000e+02 2.801666666666666541e-02
3.620000000000000000e+02 2.721666666666666679e-02
3.630000000000000000e+02 2.743333333333333388e-02
3.640000000000000000e+02 2.850000000000000103e-02
3.650000000000000000e+02 2.844999999999999959e-02
3.660000000000000000e+02 2.751666666666666497e-02
3.670000000000000000e+02 2.759999999999999953e-02
3.680000000000000000e+02 2.759999999999999953e-02
3.690000000000000000e+02 2.703333333333333283e-02
3.700000000000000000e+02 2.993333333333333263e-02
3.710000000000000000e+02 2.844999999999999959e-02
3.720000000000000000e+02 2.826666666666666564e-02
3.730000000000000000e+02 2.756666666666666640e-02
3.740000000000000000e+02 2.753333333333333327e-02
3.750000000000000000e+02 2.673333333333333464e-02
3.760000000000000000e+02 2.841666666666666646e-02
3.770000000000000000e+02 2.656666666666666551e-02
3.780000000000000000e+02 2.639999999999999986e-02
3.790000000000000000e+02 2.775000000000000036e-02
3.800000000000000000e+02 2.670000000000000151e-02
3.810000000000000000e+02 2.828333333333333394e-02
3.820000000000000000e+02 2.768333333333333410e-02
3.830000000000000000e+02 2.778333333333333349e-02
3.840000000000000000e+02 2.843333333333333476e-02
3.850000000000000000e+02 2.719999999999999848e-02
3.860000000000000000e+02 2.734999999999999931e-02
3.870000000000000000e+02 2.773333333333333206e-02
3.880000000000000000e+02 2.691666666666666513e-02
3.890000000000000000e+02 2.684999999999999887e-02
3.900000000000000000e+02 2.740000000000000074e-02
3.910000000000000000e+02 2.706666666666666596e-02
3.920000000000000000e+02 2.693333333333333343e-02
3.930000000000000000e+02 2.728333333333333305e-02
3.940000000000000000e+02 2.661666666666666695e-02
3.950000000000000000e+02 2.656666666666666551e-02
3.960000000000000000e+02 2.788333333333333289e-02
3.970000000000000000e+02 2.661666666666666695e-02
3.980000000000000000e+02 2.738333333333333244e-02
3.990000000000000000e+02 2.751666666666666497e-02
4.000000000000000000e+02 2.731666666666666618e-02
4.010000000000000000e+02 2.698333333333333486e-02
4.020000000000000000e+02 2.665000000000000008e-02
4.030000000000000000e+02 2.769999999999999893e-02
4.040000000000000000e+02 2.673333333333333464e-02
4.050000000000000000e+02 2.775000000000000036e-02
4.060000000000000000e+02 2.618333333333333277e-02
4.070000000000000000e+02 2.636666666666666672e-02
4.080000000000000000e+02 2.728333333333333305e-02
4.090000000000000000e+02 2.673333333333333464e-02
4.100000000000000000e+02 2.699999999999999969e-02
4.110000000000000000e+02 2.713333333333333222e-02
4.120000000000000000e+02 2.628333333333333216e-02
4.130000000000000000e+02 2.636666666666666672e-02
4.140000000000000000e+02 2.535000000000000100e-02
4.150000000000000000e+02 2.641666666666666816e-02
4.160000000000000000e+02 2.599999999999999881e-02
4.170000000000000000e+02 2.718333333333333365e-02
4.180000000000000000e+02 2.684999999999999887e-02
4.190000000000000000e+02 2.593333333333333254e-02
4.200000000000000000e+02 2.564999999999999919e-02
4.210000000000000000e+02 2.593333333333333254e-02
4.220000000000000000e+02 2.661666666666666695e-02
4.230000000000000000e+02 2.683333333333333404e-02
4.240000000000000000e+02 2.571666666666666545e-02
4.250000000000000000e+02 2.683333333333333404e-02
4.260000000000000000e+02 2.528333333333333474e-02
4.270000000000000000e+02 2.580000000000000002e-02
4.280000000000000000e+02 2.605000000000000024e-02
4.290000000000000000e+02 2.504999999999999935e-02
4.300000000000000000e+02 2.554999999999999979e-02
4.310000000000000000e+02 2.763333333333333267e-02
4.320000000000000000e+02 2.639999999999999986e-02
4.330000000000000000e+02 2.636666666666666672e-02
4.340000000000000000e+02 2.614999999999999963e-02
4.350000000000000000e+02 2.674999999999999947e-02
4.360000000000000000e+02 2.618333333333333277e-02
4.370000000000000000e+02 2.628333333333333216e-02
4.380000000000000000e+02 2.535000000000000100e-02
4.390000000000000000e+02 2.648333333333333442e-02
4.400000000000000000e+02 2.481666666666666743e-02
4.410000000000000000e+02 2.478333333333333430e-02
4.420000000000000000e+02 2.586666666666666628e-02
4.430000000000000000e+02 2.576666666666666689e-02
4.440000000000000000e+02 2.581666666666666832e-02
4.450000000000000000e+02 2.606666666666666507e-02
4.460000000000000000e+02 2.765000000000000097e-02
4.470000000000000000e+02 2.543333333333333210e-02
4.480000000000000000e+02 2.666666666666666838e-02
4.490000000000000000e+02 2.573333333333333375e-02
4.500000000000000000e+02 2.626666666666666733e-02
4.510000000000000000e+02 2.730000000000000135e-02
4.520000000000000000e+02 2.623333333333333420e-02
4.530000000000000000e+02 2.614999999999999963e-02
4.540000000000000000e+02 2.620000000000000107e-02
4.550000000000000000e+02 2.529999999999999957e-02
4.560000000000000000e+02 2.529999999999999957e-02
4.570000000000000000e+02 2.556666666666666810e-02
4.580000000000000000e+02 2.494999999999999996e-02
4.590000000000000000e+02 2.583333333333333315e-02
4.600000000000000000e+02 2.628333333333333216e-02
4.610000000000000000e+02 2.563333333333333436e-02
4.620000000000000000e+02 2.501666666666666622e-02
4.630000000000000000e+02 2.585000000000000145e-02
4.640000000000000000e+02 2.479999999999999913e-02
4.650000000000000000e+02 2.489999999999999852e-02
4.660000000000000000e+02 2.608333333333333337e-02
4.670000000000000000e+02 2.574999999999999858e-02
4.680000000000000000e+02 2.708333333333333426e-02
4.690000000000000000e+02 2.553333333333333496e-02
4.700000000000000000e+02 2.543333333333333210e-02
4.710000000000000000e+02 2.576666666666666689e-02
4.720000000000000000e+02 2.539999999999999897e-02
4.730000000000000000e+02 2.456666666666666721e-02
4.740000000000000000e+02 2.539999999999999897e-02
4.750000000000000000e+02 2.599999999999999881e-02
4.760000000000000000e+02 2.468333333333333490e-02
4.770000000000000000e+02 2.483333333333333226e-02
4.780000000000000000e+02 2.469999999999999973e-02
4.790000000000000000e+02 2.525000000000000161e-02
4.800000000000000000e+02 2.744999999999999871e-02
4.810000000000000000e+02 2.463333333333333347e-02
4.820000000000000000e+02 2.518333333333333188e-02
4.830000000000000000e+02 2.588333333333333458e-02
4.840000000000000000e+02 2.479999999999999913e-02
4.850000000000000000e+02 2.450000000000000094e-02
4.860000000000000000e+02 2.425000000000000072e-02
4.870000000000000000e+02 2.476666666666666600e-02
4.880000000000000000e+02 2.383333333333333484e-02
4.890000000000000000e+02 2.549999999999999836e-02
4.900000000000000000e+02 2.571666666666666545e-02
4.910000000000000000e+02 2.518333333333333188e-02
4.920000000000000000e+02 2.538333333333333414e-02
4.930000000000000000e+02 2.461666666666666517e-02
4.940000000000000000e+02 2.501666666666666622e-02
4.950000000000000000e+02 2.396666666666666737e-02
4.960000000000000000e+02 2.628333333333333216e-02
4.970000000000000000e+02 2.466666666666666660e-02
4.980000000000000000e+02 2.623333333333333420e-02
4.990000000000000000e+02 2.516666666666666705e-02
