0.000000000000000000e+00 4.460000000000000075e-01
1.000000000000000000e+00 4.109999999999999765e-01
2.000000000000000000e+00 3.579999999999999849e-01
3.000000000000000000e+00 3.410000000000000253e-01
4.000000000000000000e+00 3.190000000000000058e-01
5.000000000000000000e+00 3.099999999999999978e-01
6.000000000000000000e+00 2.889999999999999791e-01
7.000000000000000000e+00 3.029999999999999916e-01
8.000000000000000000e+00 2.869999999999999774e-01
9.000000000000000000e+00 2.600000000000000089e-01
1.000000000000000000e+01 2.379999999999999893e-01
1.100000000000000000e+01 2.520000000000000018e-01
1.200000000000000000e+01 2.369999999999999885e-01
1.300000000000000000e+01 2.389999999999999902e-01
1.400000000000000000e+01 2.200000000000000011e-01
1.500000000000000000e+01 2.330000000000000127e-01
1.600000000000000000e+01 2.220000000000000029e-01
1.700000000000000000e+01 2.250000000000000056e-01
1.800000000000000000e+01 2.230000000000000038e-01
1.900000000000000000e+01 2.099999999999999922e-01
2.000000000000000000e+01 1.829999999999999960e-01
2.100000000000000000e+01 1.960000000000000075e-01
2.200000000000000000e+01 1.719999999999999862e-01
2.300000000000000000e+01 1.570000000000000007e-01
2.400000000000000000e+01 1.610000000000000042e-01
2.500000000000000000e+01 1.710000000000000131e-01
2.600000000000000000e+01 1.700000000000000122e-01
2.700000000000000000e+01 1.489999999999999936e-01
2.800000000000000000e+01 1.559999999999999998e-01
2.900000000000000000e+01 1.630000000000000060e-01
3.000000000000000000e+01 1.570000000000000007e-01
3.100000000000000000e+01 1.469999999999999918e-01
3.200000000000000000e+01 1.469999999999999918e-01
3.300000000000000000e+01 1.250000000000000000e-01
3.400000000000000000e+01 1.390000000000000124e-01
3.500000000000000000e+01 1.390000000000000124e-01
3.600000000000000000e+01 1.280000000000000027e-01
3.700000000000000000e+01 1.419999999999999873e-01
3.800000000000000000e+01 1.340000000000000080e-01
3.900000000000000000e+01 1.150000000000000050e-01
