0.000000000000000000e+00 6.235119047619047672e-02
1.000000000000000000e+00 4.645833333333333065e-02
2.000000000000000000e+00 4.095238095238095538e-02
3.000000000000000000e+00 3.627976190476190493e-02
4.000000000000000000e+00 3.276785714285714024e-02
5.000000000000000000e+00 3.044642857142857220e-02
6.000000000000000000e+00 2.866071428571428589e-02
7.000000000000000000e+00 2.675595238095238027e-02
8.000000000000000000e+00 2.532738095238095191e-02
9.000000000000000000e+00 2.401785714285714288e-02
1.000000000000000000e+01 2.300595238095238040e-02
1.100000000000000000e+01 2.163690476190476344e-02
1.200000000000000000e+01 2.065476190476190493e-02
1.300000000000000000e+01 1.991071428571428506e-02
1.400000000000000000e+01 1.913690476190476122e-02
1.500000000000000000e+01 1.821428571428571411e-02
1.600000000000000000e+01 1.747023809523809423e-02
1.700000000000000000e+01 1.630952380952380848e-02
1.800000000000000000e+01 1.550595238095238068e-02
1.900000000000000000e+01 1.467261904761904719e-02
2.000000000000000000e+01 1.386904761904761939e-02
2.100000000000000000e+01 1.318452380952380917e-02
2.200000000000000000e+01 1.252976190476190466e-02
2.300000000000000000e+01 1.223214285714285636e-02
2.400000000000000000e+01 1.178571428571428652e-02
2.500000000000000000e+01 1.116071428571428596e-02
2.600000000000000000e+01 1.077380952380952404e-02
2.700000000000000000e+01 1.047619047619047575e-02
2.800000000000000000e+01 1.008928571428571383e-02
2.900000000000000000e+01 9.851190476190476927e-03
3.000000000000000000e+01 9.464285714285715009e-03
3.100000000000000000e+01 9.136904761904762751e-03
3.200000000000000000e+01 8.690476190476191173e-03
3.300000000000000000e+01 8.214285714285713899e-03
3.400000000000000000e+01 7.916666666666667337e-03
3.500000000000000000e+01 7.410714285714286101e-03
3.600000000000000000e+01 7.083333333333332975e-03
3.700000000000000000e+01 6.755952380952380716e-03
3.800000000000000000e+01 6.339285714285713969e-03
3.900000000000000000e+01 6.041666666666666539e-03
4.000000000000000000e+01 5.773809523809523940e-03
4.100000000000000000e+01 5.565476190476190133e-03
4.200000000000000000e+01 5.178571428571428215e-03
4.300000000000000000e+01 4.970238095238095274e-03
4.400000000000000000e+01 4.553571428571428527e-03
4.500000000000000000e+01 4.345238095238095587e-03
4.600000000000000000e+01 4.196428571428571438e-03
4.700000000000000000e+01 4.077380952380952120e-03
4.800000000000000000e+01 3.839285714285714350e-03
4.900000000000000000e+01 3.660714285714285806e-03
5.000000000000000000e+01 3.452380952380952432e-03
5.100000000000000000e+01 3.273809523809523888e-03
5.200000000000000000e+01 3.095238095238095344e-03
5.300000000000000000e+01 2.946428571428571629e-03
5.400000000000000000e+01 2.827380952380952311e-03
5.500000000000000000e+01 2.678571428571428596e-03
5.600000000000000000e+01 2.589285714285714107e-03
5.700000000000000000e+01 2.440476190476190393e-03
5.800000000000000000e+01 2.321428571428571508e-03
5.900000000000000000e+01 2.172619047619047793e-03
6.000000000000000000e+01 1.994047619047619249e-03
6.100000000000000000e+01 1.934523809523809590e-03
6.200000000000000000e+01 1.845238095238095318e-03
6.300000000000000000e+01 1.785714285714285659e-03
6.400000000000000000e+01 1.666666666666666774e-03
6.500000000000000000e+01 1.636904761904761944e-03
6.600000000000000000e+01 1.577380952380952285e-03
6.700000000000000000e+01 1.428571428571428570e-03
6.800000000000000000e+01 1.339285714285714298e-03
6.900000000000000000e+01 1.309523809523809468e-03
7.000000000000000000e+01 1.309523809523809468e-03
7.100000000000000000e+01 1.309523809523809468e-03
7.200000000000000000e+01 1.279761904761904856e-03
7.300000000000000000e+01 1.160714285714285754e-03
7.400000000000000000e+01 1.160714285714285754e-03
7.500000000000000000e+01 1.071428571428571482e-03
7.600000000000000000e+01 1.011904761904761823e-03
7.700000000000000000e+01 9.821428571428572098e-04
7.800000000000000000e+01 9.523809523809523801e-04
7.900000000000000000e+01 9.226190476190476589e-04
8.000000000000000000e+01 8.630952380952381080e-04
8.100000000000000000e+01 8.333333333333333868e-04
8.200000000000000000e+01 8.035714285714285572e-04
8.300000000000000000e+01 7.440476190476190063e-04
8.400000000000000000e+01 5.952380952380952918e-04
8.500000000000000000e+01 5.357142857142857409e-04
8.600000000000000000e+01 5.357142857142857409e-04
8.700000000000000000e+01 5.059523809523809113e-04
8.800000000000000000e+01 4.761904761904761901e-04
8.900000000000000000e+01 4.464285714285714146e-04
9.000000000000000000e+01 4.464285714285714146e-04
9.100000000000000000e+01 4.464285714285714146e-04
9.200000000000000000e+01 4.166666666666666934e-04
9.300000000000000000e+01 3.869047619047619180e-04
9.400000000000000000e+01 3.869047619047619180e-04
9.500000000000000000e+01 3.869047619047619180e-04
9.600000000000000000e+01 3.869047619047619180e-04
9.700000000000000000e+01 3.571428571428571425e-04
9.800000000000000000e+01 3.571428571428571425e-04
9.900000000000000000e+01 3.571428571428571425e-04
1.000000000000000000e+02 3.571428571428571425e-04
1.010000000000000000e+02 3.571428571428571425e-04
1.020000000000000000e+02 3.273809523809523671e-04
1.030000000000000000e+02 3.273809523809523671e-04
1.040000000000000000e+02 3.273809523809523671e-04
1.050000000000000000e+02 3.273809523809523671e-04
1.060000000000000000e+02 3.273809523809523671e-04
1.070000000000000000e+02 3.273809523809523671e-04
1.080000000000000000e+02 3.273809523809523671e-04
1.090000000000000000e+02 3.273809523809523671e-04
1.100000000000000000e+02 3.273809523809523671e-04
1.110000000000000000e+02 2.976190476190476459e-04
1.120000000000000000e+02 2.380952380952380950e-04
1.130000000000000000e+02 2.380952380952380950e-04
1.140000000000000000e+02 2.380952380952380950e-04
1.150000000000000000e+02 2.380952380952380950e-04
1.160000000000000000e+02 2.380952380952380950e-04
1.170000000000000000e+02 2.380952380952380950e-04
1.180000000000000000e+02 2.380952380952380950e-04
1.190000000000000000e+02 2.380952380952380950e-04
1.200000000000000000e+02 2.380952380952380950e-04
1.210000000000000000e+02 2.083333333333333467e-04
1.220000000000000000e+02 2.083333333333333467e-04
1.230000000000000000e+02 2.083333333333333467e-04
1.240000000000000000e+02 1.785714285714285713e-04
1.250000000000000000e+02 1.785714285714285713e-04
1.260000000000000000e+02 1.785714285714285713e-04
1.270000000000000000e+02 1.785714285714285713e-04
1.280000000000000000e+02 1.785714285714285713e-04
1.290000000000000000e+02 1.785714285714285713e-04
1.300000000000000000e+02 1.785714285714285713e-04
1.310000000000000000e+02 1.785714285714285713e-04
1.320000000000000000e+02 1.785714285714285713e-04
1.330000000000000000e+02 1.785714285714285713e-04
1.340000000000000000e+02 1.785714285714285713e-04
1.350000000000000000e+02 1.785714285714285713e-04
1.360000000000000000e+02 1.785714285714285713e-04
1.370000000000000000e+02 1.785714285714285713e-04
1.380000000000000000e+02 1.785714285714285713e-04
1.390000000000000000e+02 1.785714285714285713e-04
1.400000000000000000e+02 1.785714285714285713e-04
1.410000000000000000e+02 1.785714285714285713e-04
1.420000000000000000e+02 1.785714285714285713e-04
1.430000000000000000e+02 1.785714285714285713e-04
1.440000000000000000e+02 1.785714285714285713e-04
1.450000000000000000e+02 1.785714285714285713e-04
1.460000000000000000e+02 1.785714285714285713e-04
1.470000000000000000e+02 1.488095238095238229e-04
1.480000000000000000e+02 1.488095238095238229e-04
1.490000000000000000e+02 1.190476190476190475e-04
1.500000000000000000e+02 1.190476190476190475e-04
1.510000000000000000e+02 1.190476190476190475e-04
1.520000000000000000e+02 1.190476190476190475e-04
1.530000000000000000e+02 1.190476190476190475e-04
1.540000000000000000e+02 1.190476190476190475e-04
1.550000000000000000e+02 1.190476190476190475e-04
1.560000000000000000e+02 8.928571428571428564e-05
1.570000000000000000e+02 8.928571428571428564e-05
1.580000000000000000e+02 8.928571428571428564e-05
1.590000000000000000e+02 8.928571428571428564e-05
1.600000000000000000e+02 8.928571428571428564e-05
1.610000000000000000e+02 8.928571428571428564e-05
1.620000000000000000e+02 8.928571428571428564e-05
1.630000000000000000e+02 8.928571428571428564e-05
1.640000000000000000e+02 5.952380952380952376e-05
1.650000000000000000e+02 5.952380952380952376e-05
1.660000000000000000e+02 5.952380952380952376e-05
1.670000000000000000e+02 5.952380952380952376e-05
1.680000000000000000e+02 5.952380952380952376e-05
1.690000000000000000e+02 5.952380952380952376e-05
1.700000000000000000e+02 5.952380952380952376e-05
1.710000000000000000e+02 5.952380952380952376e-05
1.720000000000000000e+02 5.952380952380952376e-05
1.730000000000000000e+02 5.952380952380952376e-05
1.740000000000000000e+02 5.952380952380952376e-05
1.750000000000000000e+02 5.952380952380952376e-05
1.760000000000000000e+02 5.952380952380952376e-05
1.770000000000000000e+02 5.952380952380952376e-05
1.780000000000000000e+02 5.952380952380952376e-05
1.790000000000000000e+02 5.952380952380952376e-05
1.800000000000000000e+02 5.952380952380952376e-05
1.810000000000000000e+02 5.952380952380952376e-05
1.820000000000000000e+02 5.952380952380952376e-05
1.830000000000000000e+02 5.952380952380952376e-05
1.840000000000000000e+02 5.952380952380952376e-05
1.850000000000000000e+02 5.952380952380952376e-05
1.860000000000000000e+02 5.952380952380952376e-05
1.870000000000000000e+02 5.952380952380952376e-05
1.880000000000000000e+02 5.952380952380952376e-05
1.890000000000000000e+02 5.952380952380952376e-05
1.900000000000000000e+02 5.952380952380952376e-05
1.910000000000000000e+02 5.952380952380952376e-05
1.920000000000000000e+02 5.952380952380952376e-05
1.930000000000000000e+02 5.952380952380952376e-05
1.940000000000000000e+02 5.952380952380952376e-05
1.950000000000000000e+02 5.952380952380952376e-05
1.960000000000000000e+02 5.952380952380952376e-05
1.970000000000000000e+02 5.952380952380952376e-05
1.980000000000000000e+02 5.952380952380952376e-05
1.990000000000000000e+02 5.952380952380952376e-05
2.000000000000000000e+02 5.952380952380952376e-05
2.010000000000000000e+02 5.952380952380952376e-05
2.020000000000000000e+02 5.952380952380952376e-05
2.030000000000000000e+02 5.952380952380952376e-05
2.040000000000000000e+02 5.952380952380952376e-05
2.050000000000000000e+02 5.952380952380952376e-05
2.060000000000000000e+02 5.952380952380952376e-05
2.070000000000000000e+02 5.952380952380952376e-05
2.080000000000000000e+02 5.952380952380952376e-05
2.090000000000000000e+02 5.952380952380952376e-05
2.100000000000000000e+02 5.952380952380952376e-05
2.110000000000000000e+02 5.952380952380952376e-05
2.120000000000000000e+02 5.952380952380952376e-05
2.130000000000000000e+02 5.952380952380952376e-05
2.140000000000000000e+02 5.952380952380952376e-05
2.150000000000000000e+02 5.952380952380952376e-05
2.160000000000000000e+02 5.952380952380952376e-05
2.170000000000000000e+02 5.952380952380952376e-05
2.180000000000000000e+02 5.952380952380952376e-05
2.190000000000000000e+02 5.952380952380952376e-05
2.200000000000000000e+02 5.952380952380952376e-05
2.210000000000000000e+02 5.952380952380952376e-05
2.220000000000000000e+02 5.952380952380952376e-05
2.230000000000000000e+02 5.952380952380952376e-05
2.240000000000000000e+02 5.952380952380952376e-05
2.250000000000000000e+02 5.952380952380952376e-05
2.260000000000000000e+02 5.952380952380952376e-05
2.270000000000000000e+02 5.952380952380952376e-05
2.280000000000000000e+02 5.952380952380952376e-05
2.290000000000000000e+02 5.952380952380952376e-05
2.300000000000000000e+02 5.952380952380952376e-05
2.310000000000000000e+02 5.952380952380952376e-05
2.320000000000000000e+02 5.952380952380952376e-05
2.330000000000000000e+02 5.952380952380952376e-05
2.340000000000000000e+02 5.952380952380952376e-05
2.350000000000000000e+02 5.952380952380952376e-05
2.360000000000000000e+02 5.952380952380952376e-05
2.370000000000000000e+02 5.952380952380952376e-05
2.380000000000000000e+02 5.952380952380952376e-05
2.390000000000000000e+02 5.952380952380952376e-05
2.400000000000000000e+02 5.952380952380952376e-05
2.410000000000000000e+02 5.952380952380952376e-05
2.420000000000000000e+02 5.952380952380952376e-05
2.430000000000000000e+02 5.952380952380952376e-05
2.440000000000000000e+02 5.952380952380952376e-05
2.450000000000000000e+02 5.952380952380952376e-05
2.460000000000000000e+02 5.952380952380952376e-05
2.470000000000000000e+02 5.952380952380952376e-05
2.480000000000000000e+02 5.952380952380952376e-05
2.490000000000000000e+02 5.952380952380952376e-05
2.500000000000000000e+02 5.952380952380952376e-05
2.510000000000000000e+02 5.952380952380952376e-05
2.520000000000000000e+02 5.952380952380952376e-05
2.530000000000000000e+02 5.952380952380952376e-05
2.540000000000000000e+02 5.952380952380952376e-05
2.550000000000000000e+02 5.952380952380952376e-05
2.560000000000000000e+02 5.952380952380952376e-05
2.570000000000000000e+02 5.952380952380952376e-05
2.580000000000000000e+02 5.952380952380952376e-05
2.590000000000000000e+02 5.952380952380952376e-05
2.600000000000000000e+02 5.952380952380952376e-05
2.610000000000000000e+02 5.952380952380952376e-05
2.620000000000000000e+02 5.952380952380952376e-05
2.630000000000000000e+02 5.952380952380952376e-05
2.640000000000000000e+02 5.952380952380952376e-05
2.650000000000000000e+02 5.952380952380952376e-05
2.660000000000000000e+02 5.952380952380952376e-05
2.670000000000000000e+02 5.952380952380952376e-05
2.680000000000000000e+02 5.952380952380952376e-05
2.690000000000000000e+02 5.952380952380952376e-05
2.700000000000000000e+02 5.952380952380952376e-05
2.710000000000000000e+02 5.952380952380952376e-05
2.720000000000000000e+02 5.952380952380952376e-05
2.730000000000000000e+02 5.952380952380952376e-05
2.740000000000000000e+02 5.952380952380952376e-05
2.750000000000000000e+02 5.952380952380952376e-05
2.760000000000000000e+02 5.952380952380952376e-05
2.770000000000000000e+02 5.952380952380952376e-05
2.780000000000000000e+02 5.952380952380952376e-05
2.790000000000000000e+02 5.952380952380952376e-05
2.800000000000000000e+02 5.952380952380952376e-05
2.810000000000000000e+02 5.952380952380952376e-05
2.820000000000000000e+02 5.952380952380952376e-05
2.830000000000000000e+02 5.952380952380952376e-05
2.840000000000000000e+02 5.952380952380952376e-05
2.850000000000000000e+02 5.952380952380952376e-05
2.860000000000000000e+02 5.952380952380952376e-05
2.870000000000000000e+02 5.952380952380952376e-05
2.880000000000000000e+02 5.952380952380952376e-05
2.890000000000000000e+02 5.952380952380952376e-05
2.900000000000000000e+02 5.952380952380952376e-05
2.910000000000000000e+02 5.952380952380952376e-05
2.920000000000000000e+02 5.952380952380952376e-05
2.930000000000000000e+02 5.952380952380952376e-05
2.940000000000000000e+02 5.952380952380952376e-05
2.950000000000000000e+02 5.952380952380952376e-05
2.960000000000000000e+02 5.952380952380952376e-05
2.970000000000000000e+02 5.952380952380952376e-05
2.980000000000000000e+02 5.952380952380952376e-05
2.990000000000000000e+02 5.952380952380952376e-05
3.000000000000000000e+02 5.952380952380952376e-05
3.010000000000000000e+02 5.952380952380952376e-05
3.020000000000000000e+02 5.952380952380952376e-05
3.030000000000000000e+02 5.952380952380952376e-05
3.040000000000000000e+02 5.952380952380952376e-05
3.050000000000000000e+02 5.952380952380952376e-05
3.060000000000000000e+02 5.952380952380952376e-05
3.070000000000000000e+02 5.952380952380952376e-05
3.080000000000000000e+02 5.952380952380952376e-05
3.090000000000000000e+02 5.952380952380952376e-05
3.100000000000000000e+02 5.952380952380952376e-05
3.110000000000000000e+02 5.952380952380952376e-05
3.120000000000000000e+02 5.952380952380952376e-05
3.130000000000000000e+02 5.952380952380952376e-05
3.140000000000000000e+02 5.952380952380952376e-05
3.150000000000000000e+02 5.952380952380952376e-05
3.160000000000000000e+02 5.952380952380952376e-05
3.170000000000000000e+02 5.952380952380952376e-05
3.180000000000000000e+02 5.952380952380952376e-05
3.190000000000000000e+02 5.952380952380952376e-05
3.200000000000000000e+02 5.952380952380952376e-05
3.210000000000000000e+02 5.952380952380952376e-05
3.220000000000000000e+02 5.952380952380952376e-05
3.230000000000000000e+02 5.952380952380952376e-05
3.240000000000000000e+02 5.952380952380952376e-05
3.250000000000000000e+02 5.952380952380952376e-05
3.260000000000000000e+02 5.952380952380952376e-05
3.270000000000000000e+02 5.952380952380952376e-05
3.280000000000000000e+02 5.952380952380952376e-05
3.290000000000000000e+02 5.952380952380952376e-05
3.300000000000000000e+02 5.952380952380952376e-05
3.310000000000000000e+02 5.952380952380952376e-05
3.320000000000000000e+02 5.952380952380952376e-05
3.330000000000000000e+02 5.952380952380952376e-05
3.340000000000000000e+02 5.952380952380952376e-05
3.350000000000000000e+02 5.952380952380952376e-05
3.360000000000000000e+02 5.952380952380952376e-05
3.370000000000000000e+02 5.952380952380952376e-05
3.380000000000000000e+02 5.952380952380952376e-05
3.390000000000000000e+02 5.952380952380952376e-05
3.400000000000000000e+02 5.952380952380952376e-05
3.410000000000000000e+02 5.952380952380952376e-05
3.420000000000000000e+02 5.952380952380952376e-05
3.430000000000000000e+02 5.952380952380952376e-05
3.440000000000000000e+02 5.952380952380952376e-05
3.450000000000000000e+02 5.952380952380952376e-05
3.460000000000000000e+02 5.952380952380952376e-05
3.470000000000000000e+02 5.952380952380952376e-05
3.480000000000000000e+02 5.952380952380952376e-05
3.490000000000000000e+02 5.952380952380952376e-05
3.500000000000000000e+02 5.952380952380952376e-05
3.510000000000000000e+02 5.952380952380952376e-05
3.520000000000000000e+02 5.952380952380952376e-05
3.530000000000000000e+02 5.952380952380952376e-05
3.540000000000000000e+02 5.952380952380952376e-05
3.550000000000000000e+02 5.952380952380952376e-05
3.560000000000000000e+02 5.952380952380952376e-05
3.570000000000000000e+02 5.952380952380952376e-05
3.580000000000000000e+02 5.952380952380952376e-05
3.590000000000000000e+02 5.952380952380952376e-05
3.600000000000000000e+02 5.952380952380952376e-05
3.610000000000000000e+02 5.952380952380952376e-05
3.620000000000000000e+02 5.952380952380952376e-05
3.630000000000000000e+02 5.952380952380952376e-05
3.640000000000000000e+02 5.952380952380952376e-05
3.650000000000000000e+02 5.952380952380952376e-05
3.660000000000000000e+02 5.952380952380952376e-05
3.670000000000000000e+02 5.952380952380952376e-05
3.680000000000000000e+02 5.952380952380952376e-05
3.690000000000000000e+02 5.952380952380952376e-05
3.700000000000000000e+02 5.952380952380952376e-05
3.710000000000000000e+02 5.952380952380952376e-05
3.720000000000000000e+02 5.952380952380952376e-05
3.730000000000000000e+02 5.952380952380952376e-05
3.740000000000000000e+02 2.976190476190476188e-05
3.750000000000000000e+02 2.976190476190476188e-05
3.760000000000000000e+02 2.976190476190476188e-05
3.770000000000000000e+02 2.976190476190476188e-05
3.780000000000000000e+02 2.976190476190476188e-05
3.790000000000000000e+02 2.976190476190476188e-05
3.800000000000000000e+02 2.976190476190476188e-05
3.810000000000000000e+02 2.976190476190476188e-05
3.820000000000000000e+02 2.976190476190476188e-05
3.830000000000000000e+02 2.976190476190476188e-05
3.840000000000000000e+02 2.976190476190476188e-05
3.850000000000000000e+02 2.976190476190476188e-05
3.860000000000000000e+02 2.976190476190476188e-05
3.870000000000000000e+02 2.976190476190476188e-05
3.880000000000000000e+02 2.976190476190476188e-05
3.890000000000000000e+02 2.976190476190476188e-05
3.900000000000000000e+02 2.976190476190476188e-05
3.910000000000000000e+02 2.976190476190476188e-05
3.920000000000000000e+02 2.976190476190476188e-05
3.930000000000000000e+02 2.976190476190476188e-05
3.940000000000000000e+02 2.976190476190476188e-05
3.950000000000000000e+02 2.976190476190476188e-05
3.960000000000000000e+02 2.976190476190476188e-05
3.970000000000000000e+02 2.976190476190476188e-05
3.980000000000000000e+02 2.976190476190476188e-05
3.990000000000000000e+02 2.976190476190476188e-05
4.000000000000000000e+02 2.976190476190476188e-05
4.010000000000000000e+02 2.976190476190476188e-05
4.020000000000000000e+02 2.976190476190476188e-05
4.030000000000000000e+02 2.976190476190476188e-05
4.040000000000000000e+02 2.976190476190476188e-05
4.050000000000000000e+02 2.976190476190476188e-05
4.060000000000000000e+02 2.976190476190476188e-05
4.070000000000000000e+02 2.976190476190476188e-05
4.080000000000000000e+02 2.976190476190476188e-05
4.090000000000000000e+02 2.976190476190476188e-05
4.100000000000000000e+02 2.976190476190476188e-05
4.110000000000000000e+02 2.976190476190476188e-05
4.120000000000000000e+02 2.976190476190476188e-05
4.130000000000000000e+02 2.976190476190476188e-05
4.140000000000000000e+02 2.976190476190476188e-05
4.150000000000000000e+02 2.976190476190476188e-05
4.160000000000000000e+02 2.976190476190476188e-05
4.170000000000000000e+02 2.976190476190476188e-05
4.180000000000000000e+02 2.976190476190476188e-05
4.190000000000000000e+02 2.976190476190476188e-05
4.200000000000000000e+02 2.976190476190476188e-05
4.210000000000000000e+02 2.976190476190476188e-05
4.220000000000000000e+02 2.976190476190476188e-05
4.230000000000000000e+02 2.976190476190476188e-05
4.240000000000000000e+02 2.976190476190476188e-05
4.250000000000000000e+02 2.976190476190476188e-05
4.260000000000000000e+02 2.976190476190476188e-05
4.270000000000000000e+02 2.976190476190476188e-05
4.280000000000000000e+02 2.976190476190476188e-05
4.290000000000000000e+02 2.976190476190476188e-05
4.300000000000000000e+02 2.976190476190476188e-05
4.310000000000000000e+02 2.976190476190476188e-05
4.320000000000000000e+02 2.976190476190476188e-05
4.330000000000000000e+02 2.976190476190476188e-05
4.340000000000000000e+02 2.976190476190476188e-05
4.350000000000000000e+02 2.976190476190476188e-05
4.360000000000000000e+02 2.976190476190476188e-05
4.370000000000000000e+02 2.976190476190476188e-05
4.380000000000000000e+02 2.976190476190476188e-05
4.390000000000000000e+02 2.976190476190476188e-05
4.400000000000000000e+02 2.976190476190476188e-05
4.410000000000000000e+02 2.976190476190476188e-05
4.420000000000000000e+02 2.976190476190476188e-05
4.430000000000000000e+02 2.976190476190476188e-05
4.440000000000000000e+02 2.976190476190476188e-05
4.450000000000000000e+02 2.976190476190476188e-05
4.460000000000000000e+02 2.976190476190476188e-05
4.470000000000000000e+02 2.976190476190476188e-05
4.480000000000000000e+02 2.976190476190476188e-05
4.490000000000000000e+02 2.976190476190476188e-05
4.500000000000000000e+02 2.976190476190476188e-05
4.510000000000000000e+02 2.976190476190476188e-05
4.520000000000000000e+02 2.976190476190476188e-05
4.530000000000000000e+02 2.976190476190476188e-05
4.540000000000000000e+02 2.976190476190476188e-05
4.550000000000000000e+02 2.976190476190476188e-05
4.560000000000000000e+02 2.976190476190476188e-05
4.570000000000000000e+02 2.976190476190476188e-05
4.580000000000000000e+02 2.976190476190476188e-05
4.590000000000000000e+02 2.976190476190476188e-05
4.600000000000000000e+02 2.976190476190476188e-05
4.610000000000000000e+02 2.976190476190476188e-05
4.620000000000000000e+02 2.976190476190476188e-05
4.630000000000000000e+02 2.976190476190476188e-05
4.640000000000000000e+02 2.976190476190476188e-05
4.650000000000000000e+02 2.976190476190476188e-05
4.660000000000000000e+02 2.976190476190476188e-05
4.670000000000000000e+02 2.976190476190476188e-05
4.680000000000000000e+02 2.976190476190476188e-05
4.690000000000000000e+02 2.976190476190476188e-05
4.700000000000000000e+02 2.976190476190476188e-05
4.710000000000000000e+02 2.976190476190476188e-05
4.720000000000000000e+02 2.976190476190476188e-05
4.730000000000000000e+02 2.976190476190476188e-05
4.740000000000000000e+02 2.976190476190476188e-05
4.750000000000000000e+02 2.976190476190476188e-05
4.760000000000000000e+02 2.976190476190476188e-05
4.770000000000000000e+02 2.976190476190476188e-05
4.780000000000000000e+02 2.976190476190476188e-05
4.790000000000000000e+02 2.976190476190476188e-05
4.800000000000000000e+02 2.976190476190476188e-05
4.810000000000000000e+02 2.976190476190476188e-05
4.820000000000000000e+02 2.976190476190476188e-05
4.830000000000000000e+02 2.976190476190476188e-05
4.840000000000000000e+02 2.976190476190476188e-05
4.850000000000000000e+02 2.976190476190476188e-05
4.860000000000000000e+02 2.976190476190476188e-05
4.870000000000000000e+02 2.976190476190476188e-05
4.880000000000000000e+02 2.976190476190476188e-05
4.890000000000000000e+02 2.976190476190476188e-05
4.900000000000000000e+02 2.976190476190476188e-05
4.910000000000000000e+02 2.976190476190476188e-05
4.920000000000000000e+02 2.976190476190476188e-05
4.930000000000000000e+02 2.976190476190476188e-05
4.940000000000000000e+02 2.976190476190476188e-05
4.950000000000000000e+02 2.976190476190476188e-05
4.960000000000000000e+02 2.976190476190476188e-05
4.970000000000000000e+02 2.976190476190476188e-05
4.980000000000000000e+02 2.976190476190476188e-05
4.990000000000000000e+02 2.976190476190476188e-05
