0.000000000000000000e+00 8.875999999999999446e-01
1.000000000000000000e+00 9.012833333333333252e-01
2.000000000000000000e+00 9.024666666666666393e-01
3.000000000000000000e+00 7.134000000000000341e-01
4.000000000000000000e+00 7.264000000000000457e-01
5.000000000000000000e+00 7.277000000000000135e-01
6.000000000000000000e+00 7.566500000000000448e-01
7.000000000000000000e+00 8.150666666666667171e-01
8.000000000000000000e+00 8.459999999999999742e-01
9.000000000000000000e+00 9.008500000000000396e-01
1.000000000000000000e+01 8.720333333333333270e-01
1.100000000000000000e+01 9.008500000000000396e-01
1.200000000000000000e+01 7.591333333333333266e-01
1.300000000000000000e+01 9.026333333333332876e-01
1.400000000000000000e+01 8.997166666666667201e-01
1.500000000000000000e+01 7.375833333333333686e-01
1.600000000000000000e+01 7.819833333333333636e-01
1.700000000000000000e+01 8.401833333333332821e-01
1.800000000000000000e+01 8.978166666666667073e-01
1.900000000000000000e+01 9.007166666666667210e-01
2.000000000000000000e+01 9.026333333333332876e-01
2.100000000000000000e+01 8.630666666666666487e-01
2.200000000000000000e+01 8.776500000000000412e-01
2.300000000000000000e+01 9.024333333333333096e-01
2.400000000000000000e+01 9.094333333333333158e-01
2.500000000000000000e+01 8.329666666666666330e-01
2.600000000000000000e+01 8.337999999999999856e-01
2.700000000000000000e+01 8.341333333333332822e-01
2.800000000000000000e+01 8.358166666666666522e-01
2.900000000000000000e+01 8.381666666666666154e-01
3.000000000000000000e+01 8.620166666666666533e-01
3.100000000000000000e+01 8.829833333333333423e-01
3.200000000000000000e+01 8.599499999999999922e-01
3.300000000000000000e+01 8.978166666666667073e-01
3.400000000000000000e+01 8.404833333333333600e-01
3.500000000000000000e+01 8.683333333333332904e-01
3.600000000000000000e+01 8.558333333333333348e-01
3.700000000000000000e+01 8.771333333333333204e-01
3.800000000000000000e+01 8.999333333333333629e-01
3.900000000000000000e+01 7.338333333333333375e-01
4.000000000000000000e+01 7.308833333333333293e-01
4.100000000000000000e+01 7.469000000000000083e-01
4.200000000000000000e+01 7.499166666666666758e-01
4.300000000000000000e+01 7.558666666666666867e-01
4.400000000000000000e+01 7.703499999999999792e-01
4.500000000000000000e+01 8.825333333333332808e-01
4.600000000000000000e+01 7.730833333333333446e-01
4.700000000000000000e+01 8.771166666666666556e-01
4.800000000000000000e+01 9.013666666666666494e-01
4.900000000000000000e+01 9.013666666666666494e-01
5.000000000000000000e+01 8.967333333333333822e-01
5.100000000000000000e+01 9.008500000000000396e-01
5.200000000000000000e+01 8.037333333333332996e-01
5.300000000000000000e+01 8.038166666666666238e-01
5.400000000000000000e+01 8.343166666666667064e-01
5.500000000000000000e+01 8.465500000000000247e-01
5.600000000000000000e+01 8.475333333333333607e-01
5.700000000000000000e+01 8.576333333333333586e-01
5.800000000000000000e+01 8.978166666666667073e-01
5.900000000000000000e+01 8.955833333333332869e-01
6.000000000000000000e+01 9.012833333333333252e-01
6.100000000000000000e+01 9.012833333333333252e-01
6.200000000000000000e+01 8.598999999999999977e-01
6.300000000000000000e+01 8.598666666666666680e-01
6.400000000000000000e+01 8.600333333333333163e-01
6.500000000000000000e+01 8.612333333333332952e-01
6.600000000000000000e+01 8.682833333333332959e-01
6.700000000000000000e+01 8.672333333333333005e-01
6.800000000000000000e+01 8.677166666666666917e-01
6.900000000000000000e+01 8.677000000000000268e-01
7.000000000000000000e+01 8.946166666666666156e-01
7.100000000000000000e+01 8.749166666666666758e-01
7.200000000000000000e+01 8.728333333333333499e-01
7.300000000000000000e+01 8.847833333333333661e-01
7.400000000000000000e+01 8.848500000000000254e-01
7.500000000000000000e+01 8.849333333333333496e-01
7.600000000000000000e+01 8.850999999999999979e-01
7.700000000000000000e+01 8.852999999999999758e-01
7.800000000000000000e+01 8.953833333333333089e-01
7.900000000000000000e+01 8.978166666666667073e-01
8.000000000000000000e+01 8.874166666666666314e-01
8.100000000000000000e+01 8.977666666666667128e-01
8.200000000000000000e+01 8.050833333333333730e-01
8.300000000000000000e+01 8.036666666666666403e-01
8.400000000000000000e+01 8.036999999999999700e-01
8.500000000000000000e+01 8.038999999999999480e-01
8.600000000000000000e+01 8.038833333333332831e-01
8.700000000000000000e+01 8.035666666666666513e-01
8.800000000000000000e+01 8.035166666666666568e-01
8.900000000000000000e+01 8.036999999999999700e-01
9.000000000000000000e+01 8.034000000000000030e-01
9.100000000000000000e+01 8.037833333333332941e-01
9.200000000000000000e+01 8.057499999999999662e-01
9.300000000000000000e+01 8.080666666666667108e-01
9.400000000000000000e+01 8.116499999999999826e-01
9.500000000000000000e+01 8.193333333333333579e-01
9.600000000000000000e+01 8.237833333333333119e-01
9.700000000000000000e+01 8.859666666666666801e-01
9.800000000000000000e+01 8.876333333333333853e-01
9.900000000000000000e+01 8.057499999999999662e-01
1.000000000000000000e+02 8.057666666666666311e-01
1.010000000000000000e+02 8.088833333333332876e-01
1.020000000000000000e+02 8.181666666666667087e-01
1.030000000000000000e+02 8.208499999999999686e-01
1.040000000000000000e+02 8.872833333333333128e-01
1.050000000000000000e+02 8.157999999999999696e-01
1.060000000000000000e+02 8.215500000000000025e-01
1.070000000000000000e+02 7.963833333333333320e-01
1.080000000000000000e+02 8.027666666666666284e-01
1.090000000000000000e+02 8.155333333333333323e-01
1.100000000000000000e+02 8.373333333333333739e-01
1.110000000000000000e+02 8.369999999999999662e-01
1.120000000000000000e+02 8.366666666666666696e-01
1.130000000000000000e+02 8.863333333333333064e-01
1.140000000000000000e+02 8.964833333333332988e-01
1.150000000000000000e+02 8.965999999999999526e-01
1.160000000000000000e+02 8.976833333333333886e-01
1.170000000000000000e+02 8.978166666666667073e-01
1.180000000000000000e+02 8.742166666666666419e-01
1.190000000000000000e+02 8.755500000000000504e-01
1.200000000000000000e+02 8.766500000000000403e-01
1.210000000000000000e+02 8.766500000000000403e-01
1.220000000000000000e+02 8.766333333333333755e-01
1.230000000000000000e+02 8.766333333333333755e-01
1.240000000000000000e+02 8.765833333333333810e-01
1.250000000000000000e+02 8.884499999999999620e-01
1.260000000000000000e+02 8.941000000000000059e-01
1.270000000000000000e+02 8.978166666666667073e-01
1.280000000000000000e+02 8.958333333333333703e-01
1.290000000000000000e+02 8.960166666666666835e-01
1.300000000000000000e+02 9.086666666666666226e-01
1.310000000000000000e+02 8.926500000000000545e-01
1.320000000000000000e+02 9.013666666666666494e-01
1.330000000000000000e+02 9.006999999999999451e-01
1.340000000000000000e+02 9.006999999999999451e-01
1.350000000000000000e+02 9.024833333333333041e-01
1.360000000000000000e+02 9.024833333333333041e-01
1.370000000000000000e+02 9.024833333333333041e-01
1.380000000000000000e+02 9.024833333333333041e-01
1.390000000000000000e+02 9.024833333333333041e-01
1.400000000000000000e+02 8.658833333333333382e-01
1.410000000000000000e+02 8.658833333333333382e-01
1.420000000000000000e+02 8.659166666666666679e-01
1.430000000000000000e+02 8.659000000000000030e-01
1.440000000000000000e+02 8.659000000000000030e-01
1.450000000000000000e+02 8.658833333333333382e-01
1.460000000000000000e+02 8.658833333333333382e-01
1.470000000000000000e+02 8.659000000000000030e-01
1.480000000000000000e+02 8.730333333333333279e-01
1.490000000000000000e+02 8.730166666666666631e-01
1.500000000000000000e+02 8.731499999999999817e-01
1.510000000000000000e+02 8.782833333333333048e-01
1.520000000000000000e+02 8.783499999999999641e-01
1.530000000000000000e+02 8.783499999999999641e-01
1.540000000000000000e+02 8.783166666666666345e-01
1.550000000000000000e+02 8.782999999999999696e-01
1.560000000000000000e+02 8.783166666666666345e-01
1.570000000000000000e+02 8.783333333333332993e-01
1.580000000000000000e+02 8.783666666666666289e-01
1.590000000000000000e+02 8.784499999999999531e-01
1.600000000000000000e+02 8.789000000000000146e-01
1.610000000000000000e+02 8.969166666666666954e-01
1.620000000000000000e+02 8.969666666666666899e-01
1.630000000000000000e+02 8.976166666666666183e-01
1.640000000000000000e+02 8.977166666666667183e-01
1.650000000000000000e+02 9.013666666666666494e-01
1.660000000000000000e+02 9.013666666666666494e-01
1.670000000000000000e+02 9.013666666666666494e-01
1.680000000000000000e+02 9.013666666666666494e-01
1.690000000000000000e+02 9.013666666666666494e-01
1.700000000000000000e+02 9.013666666666666494e-01
1.710000000000000000e+02 9.013666666666666494e-01
1.720000000000000000e+02 8.733333333333332948e-01
1.730000000000000000e+02 8.733333333333332948e-01
1.740000000000000000e+02 8.733333333333332948e-01
1.750000000000000000e+02 8.733166666666666300e-01
1.760000000000000000e+02 8.733166666666666300e-01
1.770000000000000000e+02 8.732833333333333004e-01
1.780000000000000000e+02 8.733166666666666300e-01
1.790000000000000000e+02 8.732999999999999652e-01
1.800000000000000000e+02 9.102833333333333332e-01
1.810000000000000000e+02 9.102000000000000091e-01
1.820000000000000000e+02 9.096166666666666289e-01
1.830000000000000000e+02 9.095999999999999641e-01
1.840000000000000000e+02 9.095833333333332993e-01
1.850000000000000000e+02 9.095833333333332993e-01
1.860000000000000000e+02 9.095833333333332993e-01
1.870000000000000000e+02 9.096166666666666289e-01
1.880000000000000000e+02 9.096499999999999586e-01
1.890000000000000000e+02 9.096499999999999586e-01
1.900000000000000000e+02 9.096499999999999586e-01
1.910000000000000000e+02 9.096499999999999586e-01
1.920000000000000000e+02 9.096499999999999586e-01
1.930000000000000000e+02 9.096499999999999586e-01
1.940000000000000000e+02 9.096499999999999586e-01
1.950000000000000000e+02 8.973166666666666513e-01
1.960000000000000000e+02 8.975333333333332941e-01
1.970000000000000000e+02 8.975333333333332941e-01
1.980000000000000000e+02 8.978000000000000425e-01
1.990000000000000000e+02 8.978166666666667073e-01
2.000000000000000000e+02 8.978166666666667073e-01
2.010000000000000000e+02 8.783666666666666289e-01
2.020000000000000000e+02 8.783999999999999586e-01
2.030000000000000000e+02 8.783999999999999586e-01
2.040000000000000000e+02 8.783666666666666289e-01
2.050000000000000000e+02 8.784499999999999531e-01
2.060000000000000000e+02 8.785666666666667179e-01
2.070000000000000000e+02 8.786166666666667124e-01
2.080000000000000000e+02 8.937333333333333796e-01
2.090000000000000000e+02 8.937333333333333796e-01
2.100000000000000000e+02 8.938333333333333686e-01
2.110000000000000000e+02 8.974333333333333051e-01
2.120000000000000000e+02 8.975833333333332886e-01
2.130000000000000000e+02 8.978000000000000425e-01
2.140000000000000000e+02 9.096499999999999586e-01
2.150000000000000000e+02 9.096499999999999586e-01
2.160000000000000000e+02 9.096499999999999586e-01
2.170000000000000000e+02 9.096499999999999586e-01
2.180000000000000000e+02 9.096499999999999586e-01
2.190000000000000000e+02 9.096499999999999586e-01
2.200000000000000000e+02 9.096499999999999586e-01
2.210000000000000000e+02 8.931499999999999995e-01
2.220000000000000000e+02 8.931833333333333291e-01
2.230000000000000000e+02 8.932666666666666533e-01
2.240000000000000000e+02 8.967666666666667119e-01
2.250000000000000000e+02 8.972833333333333217e-01
2.260000000000000000e+02 8.978000000000000425e-01
2.270000000000000000e+02 8.703166666666666273e-01
2.280000000000000000e+02 8.607333333333333503e-01
2.290000000000000000e+02 8.607333333333333503e-01
2.300000000000000000e+02 8.786000000000000476e-01
2.310000000000000000e+02 8.933166666666666478e-01
2.320000000000000000e+02 8.978166666666667073e-01
2.330000000000000000e+02 9.074999999999999734e-01
2.340000000000000000e+02 8.978166666666667073e-01
2.350000000000000000e+02 8.956833333333333869e-01
2.360000000000000000e+02 8.978166666666667073e-01
2.370000000000000000e+02 8.973999999999999755e-01
2.380000000000000000e+02 8.973999999999999755e-01
2.390000000000000000e+02 8.974666666666666348e-01
2.400000000000000000e+02 8.974666666666666348e-01
2.410000000000000000e+02 8.974833333333332996e-01
2.420000000000000000e+02 9.012833333333333252e-01
2.430000000000000000e+02 9.012833333333333252e-01
2.440000000000000000e+02 9.012833333333333252e-01
2.450000000000000000e+02 9.012833333333333252e-01
2.460000000000000000e+02 9.012833333333333252e-01
2.470000000000000000e+02 9.012833333333333252e-01
2.480000000000000000e+02 9.012833333333333252e-01
2.490000000000000000e+02 8.594166666666667176e-01
2.500000000000000000e+02 8.662666666666666293e-01
2.510000000000000000e+02 8.663666666666666183e-01
2.520000000000000000e+02 8.664500000000000535e-01
2.530000000000000000e+02 8.530499999999999750e-01
2.540000000000000000e+02 8.584833333333333760e-01
2.550000000000000000e+02 8.727166666666666961e-01
2.560000000000000000e+02 8.765666666666667162e-01
2.570000000000000000e+02 8.978166666666667073e-01
2.580000000000000000e+02 8.728000000000000203e-01
2.590000000000000000e+02 8.728500000000000147e-01
2.600000000000000000e+02 8.701166666666666494e-01
2.610000000000000000e+02 8.621666666666666368e-01
2.620000000000000000e+02 8.955833333333332869e-01
2.630000000000000000e+02 9.026333333333332876e-01
2.640000000000000000e+02 9.026333333333332876e-01
2.650000000000000000e+02 9.026333333333332876e-01
2.660000000000000000e+02 9.026333333333332876e-01
2.670000000000000000e+02 9.026333333333332876e-01
2.680000000000000000e+02 8.954666666666666330e-01
2.690000000000000000e+02 8.954666666666666330e-01
2.700000000000000000e+02 8.954666666666666330e-01
2.710000000000000000e+02 8.954666666666666330e-01
2.720000000000000000e+02 8.955833333333332869e-01
2.730000000000000000e+02 8.955833333333332869e-01
2.740000000000000000e+02 8.955833333333332869e-01
2.750000000000000000e+02 8.955833333333332869e-01
2.760000000000000000e+02 8.955833333333332869e-01
2.770000000000000000e+02 8.955833333333332869e-01
2.780000000000000000e+02 8.955833333333332869e-01
2.790000000000000000e+02 8.955833333333332869e-01
2.800000000000000000e+02 8.955833333333332869e-01
2.810000000000000000e+02 8.955833333333332869e-01
2.820000000000000000e+02 8.955833333333332869e-01
2.830000000000000000e+02 8.146499999999999853e-01
2.840000000000000000e+02 8.198666666666666325e-01
2.850000000000000000e+02 8.319499999999999673e-01
2.860000000000000000e+02 8.320666666666666211e-01
2.870000000000000000e+02 8.320833333333332860e-01
2.880000000000000000e+02 8.320833333333332860e-01
2.890000000000000000e+02 8.320166666666666266e-01
2.900000000000000000e+02 8.320333333333332915e-01
2.910000000000000000e+02 8.320333333333332915e-01
2.920000000000000000e+02 8.321666666666667211e-01
2.930000000000000000e+02 8.321666666666667211e-01
2.940000000000000000e+02 8.322000000000000508e-01
2.950000000000000000e+02 8.321666666666667211e-01
2.960000000000000000e+02 8.321833333333333860e-01
2.970000000000000000e+02 8.321833333333333860e-01
2.980000000000000000e+02 8.321833333333333860e-01
2.990000000000000000e+02 8.321666666666667211e-01
3.000000000000000000e+02 8.321833333333333860e-01
3.010000000000000000e+02 8.321833333333333860e-01
3.020000000000000000e+02 8.322000000000000508e-01
3.030000000000000000e+02 8.326166666666666716e-01
3.040000000000000000e+02 8.326166666666666716e-01
3.050000000000000000e+02 8.326000000000000068e-01
3.060000000000000000e+02 8.325833333333333419e-01
3.070000000000000000e+02 8.326000000000000068e-01
3.080000000000000000e+02 8.326166666666666716e-01
3.090000000000000000e+02 8.326166666666666716e-01
3.100000000000000000e+02 8.326000000000000068e-01
3.110000000000000000e+02 8.324500000000000233e-01
3.120000000000000000e+02 8.324500000000000233e-01
3.130000000000000000e+02 8.324166666666666936e-01
3.140000000000000000e+02 8.323833333333333639e-01
3.150000000000000000e+02 8.323500000000000343e-01
3.160000000000000000e+02 8.323500000000000343e-01
3.170000000000000000e+02 8.323500000000000343e-01
3.180000000000000000e+02 8.323333333333333695e-01
3.190000000000000000e+02 8.341333333333332822e-01
3.200000000000000000e+02 8.340499999999999581e-01
3.210000000000000000e+02 8.340333333333332932e-01
3.220000000000000000e+02 8.340166666666666284e-01
3.230000000000000000e+02 8.337999999999999856e-01
3.240000000000000000e+02 8.336666666666666670e-01
3.250000000000000000e+02 8.336333333333333373e-01
3.260000000000000000e+02 8.336500000000000021e-01
3.270000000000000000e+02 8.352666666666667128e-01
3.280000000000000000e+02 8.352833333333333776e-01
3.290000000000000000e+02 8.350333333333332941e-01
3.300000000000000000e+02 8.350666666666666238e-01
3.310000000000000000e+02 8.350666666666666238e-01
3.320000000000000000e+02 8.351166666666666183e-01
3.330000000000000000e+02 8.351666666666666128e-01
3.340000000000000000e+02 8.351833333333333886e-01
3.350000000000000000e+02 8.352500000000000480e-01
3.360000000000000000e+02 8.413333333333333774e-01
3.370000000000000000e+02 8.856833333333333780e-01
3.380000000000000000e+02 8.864333333333332954e-01
3.390000000000000000e+02 8.870833333333333348e-01
3.400000000000000000e+02 8.870833333333333348e-01
3.410000000000000000e+02 8.898333333333333650e-01
3.420000000000000000e+02 8.897833333333333705e-01
3.430000000000000000e+02 8.899666666666666837e-01
3.440000000000000000e+02 8.900833333333333375e-01
3.450000000000000000e+02 8.901666666666666616e-01
3.460000000000000000e+02 9.001000000000000112e-01
3.470000000000000000e+02 9.001166666666666760e-01
3.480000000000000000e+02 9.001166666666666760e-01
3.490000000000000000e+02 9.001166666666666760e-01
3.500000000000000000e+02 9.001333333333333409e-01
3.510000000000000000e+02 9.003333333333333188e-01
3.520000000000000000e+02 9.010000000000000231e-01
3.530000000000000000e+02 9.011500000000000066e-01
3.540000000000000000e+02 9.024999999999999689e-01
3.550000000000000000e+02 9.024999999999999689e-01
3.560000000000000000e+02 9.026333333333332876e-01
3.570000000000000000e+02 9.026333333333332876e-01
3.580000000000000000e+02 8.275333333333333430e-01
3.590000000000000000e+02 8.275333333333333430e-01
3.600000000000000000e+02 8.274666666666666837e-01
3.610000000000000000e+02 8.280333333333332879e-01
3.620000000000000000e+02 8.220666666666666123e-01
3.630000000000000000e+02 8.220666666666666123e-01
3.640000000000000000e+02 8.220333333333332826e-01
3.650000000000000000e+02 8.236333333333333284e-01
3.660000000000000000e+02 8.236999999999999877e-01
3.670000000000000000e+02 8.243500000000000272e-01
3.680000000000000000e+02 8.347999999999999865e-01
3.690000000000000000e+02 8.349166666666666403e-01
3.700000000000000000e+02 8.348333333333333162e-01
3.710000000000000000e+02 8.413166666666667126e-01
3.720000000000000000e+02 8.405166666666666897e-01
3.730000000000000000e+02 8.579499999999999904e-01
3.740000000000000000e+02 8.581333333333333035e-01
3.750000000000000000e+02 8.850833333333333330e-01
3.760000000000000000e+02 8.923333333333333117e-01
3.770000000000000000e+02 8.523833333333333817e-01
3.780000000000000000e+02 8.525166666666667004e-01
3.790000000000000000e+02 8.599166666666666625e-01
3.800000000000000000e+02 8.672833333333332950e-01
3.810000000000000000e+02 8.602333333333332943e-01
3.820000000000000000e+02 8.766500000000000403e-01
3.830000000000000000e+02 8.664666666666667183e-01
3.840000000000000000e+02 8.974666666666666348e-01
3.850000000000000000e+02 8.599166666666666625e-01
3.860000000000000000e+02 8.310499999999999554e-01
3.870000000000000000e+02 8.688666666666666760e-01
3.880000000000000000e+02 8.719999999999999973e-01
3.890000000000000000e+02 8.163833333333333497e-01
3.900000000000000000e+02 8.163833333333333497e-01
3.910000000000000000e+02 8.161666666666667069e-01
3.920000000000000000e+02 8.388666666666666494e-01
3.930000000000000000e+02 9.012000000000000011e-01
3.940000000000000000e+02 8.748000000000000220e-01
3.950000000000000000e+02 8.942666666666666542e-01
3.960000000000000000e+02 8.811999999999999833e-01
3.970000000000000000e+02 8.994333333333333069e-01
3.980000000000000000e+02 8.998000000000000442e-01
3.990000000000000000e+02 8.998333333333333739e-01
4.000000000000000000e+02 9.008500000000000396e-01
4.010000000000000000e+02 8.903166666666666451e-01
4.020000000000000000e+02 8.903166666666666451e-01
4.030000000000000000e+02 8.903333333333333099e-01
4.040000000000000000e+02 8.904833333333332934e-01
4.050000000000000000e+02 8.897000000000000464e-01
4.060000000000000000e+02 8.963833333333333098e-01
4.070000000000000000e+02 8.970333333333333492e-01
4.080000000000000000e+02 8.956666666666667220e-01
4.090000000000000000e+02 8.965999999999999526e-01
4.100000000000000000e+02 8.968166666666667064e-01
4.110000000000000000e+02 8.973999999999999755e-01
4.120000000000000000e+02 8.977333333333333831e-01
4.130000000000000000e+02 8.978166666666667073e-01
4.140000000000000000e+02 8.969666666666666899e-01
4.150000000000000000e+02 8.975333333333332941e-01
4.160000000000000000e+02 8.978000000000000425e-01
4.170000000000000000e+02 8.979666666666666908e-01
4.180000000000000000e+02 8.980000000000000204e-01
4.190000000000000000e+02 8.981000000000000094e-01
4.200000000000000000e+02 9.012999999999999901e-01
4.210000000000000000e+02 9.013999999999999790e-01
4.220000000000000000e+02 9.013999999999999790e-01
4.230000000000000000e+02 9.013999999999999790e-01
4.240000000000000000e+02 9.026333333333332876e-01
4.250000000000000000e+02 8.425333333333333563e-01
4.260000000000000000e+02 8.433000000000000496e-01
4.270000000000000000e+02 8.433333333333333792e-01
4.280000000000000000e+02 8.433000000000000496e-01
4.290000000000000000e+02 8.434666666666666979e-01
4.300000000000000000e+02 8.435666666666666869e-01
4.310000000000000000e+02 8.437500000000000000e-01
4.320000000000000000e+02 8.438166666666666593e-01
4.330000000000000000e+02 8.440833333333332966e-01
4.340000000000000000e+02 8.946166666666666156e-01
4.350000000000000000e+02 8.947833333333333750e-01
4.360000000000000000e+02 8.954999999999999627e-01
4.370000000000000000e+02 8.955333333333332924e-01
4.380000000000000000e+02 8.956166666666666165e-01
4.390000000000000000e+02 8.959333333333333593e-01
4.400000000000000000e+02 8.962666666666666559e-01
4.410000000000000000e+02 8.963166666666666504e-01
4.420000000000000000e+02 8.977333333333333831e-01
4.430000000000000000e+02 8.977833333333333776e-01
4.440000000000000000e+02 8.978166666666667073e-01
4.450000000000000000e+02 8.445000000000000284e-01
4.460000000000000000e+02 8.445833333333333526e-01
4.470000000000000000e+02 8.449333333333333140e-01
4.480000000000000000e+02 8.947833333333333750e-01
4.490000000000000000e+02 8.952499999999999902e-01
4.500000000000000000e+02 8.956333333333332813e-01
4.510000000000000000e+02 8.956499999999999462e-01
4.520000000000000000e+02 8.959333333333333593e-01
4.530000000000000000e+02 8.961000000000000076e-01
4.540000000000000000e+02 8.964833333333332988e-01
4.550000000000000000e+02 8.977333333333333831e-01
4.560000000000000000e+02 8.978000000000000425e-01
4.570000000000000000e+02 8.978166666666667073e-01
4.580000000000000000e+02 8.962499999999999911e-01
4.590000000000000000e+02 8.966833333333333877e-01
4.600000000000000000e+02 8.977166666666667183e-01
4.610000000000000000e+02 8.978000000000000425e-01
4.620000000000000000e+02 8.978166666666667073e-01
4.630000000000000000e+02 8.156666666666666510e-01
4.640000000000000000e+02 8.155166666666666675e-01
4.650000000000000000e+02 8.154833333333333378e-01
4.660000000000000000e+02 8.155000000000000027e-01
4.670000000000000000e+02 8.594000000000000528e-01
4.680000000000000000e+02 8.594666666666667121e-01
4.690000000000000000e+02 8.594333333333333824e-01
4.700000000000000000e+02 8.595000000000000417e-01
4.710000000000000000e+02 8.594500000000000473e-01
4.720000000000000000e+02 8.647500000000000187e-01
4.730000000000000000e+02 8.661666666666666403e-01
4.740000000000000000e+02 8.662999999999999590e-01
4.750000000000000000e+02 8.662666666666666293e-01
4.760000000000000000e+02 8.662499999999999645e-01
4.770000000000000000e+02 8.662666666666666293e-01
4.780000000000000000e+02 8.662999999999999590e-01
4.790000000000000000e+02 8.668166666666666798e-01
4.800000000000000000e+02 8.667833333333333501e-01
4.810000000000000000e+02 8.667666666666666853e-01
4.820000000000000000e+02 8.667666666666666853e-01
4.830000000000000000e+02 8.667500000000000204e-01
4.840000000000000000e+02 8.666833333333333611e-01
4.850000000000000000e+02 8.666833333333333611e-01
4.860000000000000000e+02 8.666333333333333666e-01
4.870000000000000000e+02 8.667000000000000259e-01
4.880000000000000000e+02 8.668000000000000149e-01
4.890000000000000000e+02 8.668000000000000149e-01
4.900000000000000000e+02 8.934333333333333016e-01
4.910000000000000000e+02 9.001000000000000112e-01
4.920000000000000000e+02 8.967833333333333767e-01
4.930000000000000000e+02 8.977500000000000480e-01
4.940000000000000000e+02 8.978166666666667073e-01
4.950000000000000000e+02 8.928166666666667028e-01
4.960000000000000000e+02 8.975833333333332886e-01
4.970000000000000000e+02 8.978166666666667073e-01
4.980000000000000000e+02 8.616333333333333622e-01
4.990000000000000000e+02 8.616000000000000325e-01
