0.000000000000000000e+00 1.217298451681793903e-01
1.000000000000000000e+00 1.729845168179391379e-01
2.000000000000000000e+00 1.644420715429791846e-01
3.000000000000000000e+00 1.489588894821142484e-01
4.000000000000000000e+00 1.350774159103043381e-01
5.000000000000000000e+00 1.243993593166043826e-01
6.000000000000000000e+00 8.756006406833956313e-02
7.000000000000000000e+00 8.275493860117458245e-02
8.000000000000000000e+00 6.193272824345968930e-02
9.000000000000000000e+00 5.926321409503470389e-02
1.000000000000000000e+01 6.086492258408969513e-02
1.100000000000000000e+01 6.300053390282968346e-02
1.200000000000000000e+01 6.353443673251468748e-02
1.300000000000000000e+01 5.766150560597971264e-02
1.400000000000000000e+01 5.178857447944473780e-02
1.500000000000000000e+01 4.698344901227976406e-02
1.600000000000000000e+01 4.484783769353977573e-02
1.700000000000000000e+01 4.431393486385477865e-02
1.800000000000000000e+01 4.431393486385477865e-02
1.900000000000000000e+01 4.431393486385477865e-02
2.000000000000000000e+01 4.431393486385477865e-02
2.100000000000000000e+01 4.484783769353977573e-02
2.200000000000000000e+01 4.431393486385477865e-02
2.300000000000000000e+01 4.431393486385477865e-02
2.400000000000000000e+01 4.431393486385477865e-02
2.500000000000000000e+01 4.484783769353977573e-02
2.600000000000000000e+01 4.378003203416978156e-02
2.700000000000000000e+01 4.271222637479978740e-02
2.800000000000000000e+01 4.057661505605979907e-02
2.900000000000000000e+01 3.950880939668980490e-02
