0.000000000000000000e+00 5.750000000000000250e-02
1.000000000000000000e+00 5.475000000000000006e-02
2.000000000000000000e+00 4.775000000000000078e-02
3.000000000000000000e+00 4.775000000000000078e-02
4.000000000000000000e+00 5.299999999999999850e-02
5.000000000000000000e+00 5.800000000000000294e-02
6.000000000000000000e+00 5.825000000000000316e-02
7.000000000000000000e+00 5.625000000000000139e-02
8.000000000000000000e+00 4.574999999999999900e-02
9.000000000000000000e+00 3.500000000000000333e-02
1.000000000000000000e+01 3.500000000000000333e-02
1.100000000000000000e+01 4.275000000000000328e-02
1.200000000000000000e+01 3.099999999999999978e-02
1.300000000000000000e+01 3.325000000000000178e-02
1.400000000000000000e+01 3.350000000000000200e-02
1.500000000000000000e+01 5.124999999999999695e-02
1.600000000000000000e+01 2.825000000000000080e-02
1.700000000000000000e+01 2.599999999999999881e-02
1.800000000000000000e+01 2.699999999999999969e-02
1.900000000000000000e+01 2.750000000000000014e-02
2.000000000000000000e+01 3.400000000000000244e-02
2.100000000000000000e+01 2.999999999999999889e-02
2.200000000000000000e+01 2.599999999999999881e-02
2.300000000000000000e+01 2.224999999999999895e-02
2.400000000000000000e+01 2.324999999999999983e-02
2.500000000000000000e+01 2.174999999999999850e-02
2.600000000000000000e+01 2.199999999999999872e-02
2.700000000000000000e+01 1.949999999999999997e-02
2.800000000000000000e+01 1.874999999999999931e-02
2.900000000000000000e+01 1.849999999999999908e-02
3.000000000000000000e+01 1.849999999999999908e-02
3.100000000000000000e+01 1.824999999999999886e-02
3.200000000000000000e+01 1.824999999999999886e-02
3.300000000000000000e+01 1.824999999999999886e-02
3.400000000000000000e+01 1.824999999999999886e-02
3.500000000000000000e+01 1.849999999999999908e-02
3.600000000000000000e+01 1.824999999999999886e-02
3.700000000000000000e+01 1.849999999999999908e-02
3.800000000000000000e+01 1.799999999999999864e-02
3.900000000000000000e+01 1.799999999999999864e-02
4.000000000000000000e+01 1.799999999999999864e-02
4.100000000000000000e+01 1.799999999999999864e-02
4.200000000000000000e+01 1.799999999999999864e-02
4.300000000000000000e+01 1.799999999999999864e-02
4.400000000000000000e+01 1.799999999999999864e-02
4.500000000000000000e+01 1.799999999999999864e-02
4.600000000000000000e+01 1.799999999999999864e-02
4.700000000000000000e+01 1.799999999999999864e-02
4.800000000000000000e+01 1.799999999999999864e-02
4.900000000000000000e+01 1.799999999999999864e-02
5.000000000000000000e+01 1.799999999999999864e-02
5.100000000000000000e+01 1.799999999999999864e-02
5.200000000000000000e+01 1.799999999999999864e-02
5.300000000000000000e+01 1.799999999999999864e-02
5.400000000000000000e+01 1.799999999999999864e-02
5.500000000000000000e+01 1.799999999999999864e-02
5.600000000000000000e+01 1.799999999999999864e-02
5.700000000000000000e+01 1.799999999999999864e-02
5.800000000000000000e+01 1.799999999999999864e-02
5.900000000000000000e+01 1.799999999999999864e-02
6.000000000000000000e+01 1.799999999999999864e-02
6.100000000000000000e+01 1.799999999999999864e-02
6.200000000000000000e+01 1.799999999999999864e-02
6.300000000000000000e+01 1.799999999999999864e-02
6.400000000000000000e+01 1.799999999999999864e-02
6.500000000000000000e+01 1.799999999999999864e-02
6.600000000000000000e+01 1.799999999999999864e-02
6.700000000000000000e+01 1.799999999999999864e-02
6.800000000000000000e+01 1.799999999999999864e-02
6.900000000000000000e+01 1.799999999999999864e-02
7.000000000000000000e+01 1.799999999999999864e-02
7.100000000000000000e+01 1.799999999999999864e-02
7.200000000000000000e+01 1.774999999999999842e-02
7.300000000000000000e+01 1.774999999999999842e-02
7.400000000000000000e+01 1.774999999999999842e-02
7.500000000000000000e+01 1.774999999999999842e-02
7.600000000000000000e+01 1.774999999999999842e-02
7.700000000000000000e+01 1.774999999999999842e-02
7.800000000000000000e+01 1.750000000000000167e-02
7.900000000000000000e+01 1.750000000000000167e-02
