0.000000000000000000e+00 7.549999999999999767e-02
1.000000000000000000e+00 7.749999999999999944e-02
2.000000000000000000e+00 5.899999999999999689e-02
3.000000000000000000e+00 5.850000000000000339e-02
4.000000000000000000e+00 6.450000000000000178e-02
5.000000000000000000e+00 6.250000000000000000e-02
6.000000000000000000e+00 6.400000000000000133e-02
7.000000000000000000e+00 6.400000000000000133e-02
8.000000000000000000e+00 6.400000000000000133e-02
9.000000000000000000e+00 6.600000000000000311e-02
1.000000000000000000e+01 6.550000000000000266e-02
1.100000000000000000e+01 6.700000000000000400e-02
1.200000000000000000e+01 6.600000000000000311e-02
1.300000000000000000e+01 6.650000000000000355e-02
1.400000000000000000e+01 6.600000000000000311e-02
1.500000000000000000e+01 6.400000000000000133e-02
1.600000000000000000e+01 6.600000000000000311e-02
1.700000000000000000e+01 6.750000000000000444e-02
1.800000000000000000e+01 6.700000000000000400e-02
1.900000000000000000e+01 6.550000000000000266e-02
2.000000000000000000e+01 6.500000000000000222e-02
2.100000000000000000e+01 6.450000000000000178e-02
2.200000000000000000e+01 6.450000000000000178e-02
2.300000000000000000e+01 6.450000000000000178e-02
2.400000000000000000e+01 6.400000000000000133e-02
2.500000000000000000e+01 6.400000000000000133e-02
2.600000000000000000e+01 6.450000000000000178e-02
2.700000000000000000e+01 6.400000000000000133e-02
2.800000000000000000e+01 6.450000000000000178e-02
2.900000000000000000e+01 6.400000000000000133e-02
3.000000000000000000e+01 6.400000000000000133e-02
3.100000000000000000e+01 6.400000000000000133e-02
3.200000000000000000e+01 6.400000000000000133e-02
3.300000000000000000e+01 6.400000000000000133e-02
3.400000000000000000e+01 6.400000000000000133e-02
3.500000000000000000e+01 6.450000000000000178e-02
3.600000000000000000e+01 6.350000000000000089e-02
3.700000000000000000e+01 6.400000000000000133e-02
3.800000000000000000e+01 6.400000000000000133e-02
3.900000000000000000e+01 6.450000000000000178e-02
4.000000000000000000e+01 6.250000000000000000e-02
4.100000000000000000e+01 6.250000000000000000e-02
4.200000000000000000e+01 6.250000000000000000e-02
4.300000000000000000e+01 6.300000000000000044e-02
4.400000000000000000e+01 6.250000000000000000e-02
4.500000000000000000e+01 6.450000000000000178e-02
4.600000000000000000e+01 6.400000000000000133e-02
4.700000000000000000e+01 6.450000000000000178e-02
4.800000000000000000e+01 6.450000000000000178e-02
4.900000000000000000e+01 6.450000000000000178e-02
