0.000000000000000000e+00 3.190000000000000058e-01
1.000000000000000000e+00 2.661999999999999922e-01
2.000000000000000000e+00 2.393000000000000127e-01
3.000000000000000000e+00 2.136000000000000121e-01
4.000000000000000000e+00 1.963000000000000023e-01
5.000000000000000000e+00 1.880999999999999894e-01
6.000000000000000000e+00 1.728000000000000091e-01
7.000000000000000000e+00 1.701000000000000012e-01
8.000000000000000000e+00 1.625999999999999945e-01
9.000000000000000000e+00 1.529999999999999971e-01
1.000000000000000000e+01 1.499999999999999944e-01
1.100000000000000000e+01 1.421999999999999931e-01
1.200000000000000000e+01 1.375000000000000111e-01
1.300000000000000000e+01 1.343999999999999917e-01
1.400000000000000000e+01 1.315000000000000058e-01
1.500000000000000000e+01 1.295999999999999930e-01
1.600000000000000000e+01 1.248999999999999971e-01
1.700000000000000000e+01 1.242999999999999938e-01
1.800000000000000000e+01 1.194000000000000061e-01
1.900000000000000000e+01 1.145999999999999935e-01
2.000000000000000000e+01 1.135000000000000037e-01
2.100000000000000000e+01 1.100000000000000006e-01
2.200000000000000000e+01 1.063999999999999946e-01
2.300000000000000000e+01 1.033000000000000029e-01
2.400000000000000000e+01 9.850000000000000422e-02
2.500000000000000000e+01 1.006999999999999978e-01
2.600000000000000000e+01 9.299999999999999933e-02
2.700000000000000000e+01 9.410000000000000309e-02
2.800000000000000000e+01 9.220000000000000417e-02
2.900000000000000000e+01 8.730000000000000260e-02
3.000000000000000000e+01 8.849999999999999534e-02
3.100000000000000000e+01 8.340000000000000191e-02
3.200000000000000000e+01 8.229999999999999816e-02
3.300000000000000000e+01 7.870000000000000606e-02
3.400000000000000000e+01 7.820000000000000562e-02
3.500000000000000000e+01 7.910000000000000364e-02
3.600000000000000000e+01 7.430000000000000493e-02
3.700000000000000000e+01 7.409999999999999920e-02
3.800000000000000000e+01 7.209999999999999742e-02
3.900000000000000000e+01 6.719999999999999585e-02
4.000000000000000000e+01 6.880000000000000004e-02
4.100000000000000000e+01 6.859999999999999432e-02
4.200000000000000000e+01 6.819999999999999674e-02
4.300000000000000000e+01 6.610000000000000597e-02
4.400000000000000000e+01 6.629999999999999782e-02
4.500000000000000000e+01 6.230000000000000121e-02
4.600000000000000000e+01 6.110000000000000153e-02
4.700000000000000000e+01 5.870000000000000218e-02
4.800000000000000000e+01 6.189999999999999669e-02
4.900000000000000000e+01 5.999999999999999778e-02
5.000000000000000000e+01 5.659999999999999754e-02
5.100000000000000000e+01 5.770000000000000129e-02
5.200000000000000000e+01 5.680000000000000326e-02
5.300000000000000000e+01 5.489999999999999741e-02
5.400000000000000000e+01 5.349999999999999895e-02
5.500000000000000000e+01 5.129999999999999838e-02
5.600000000000000000e+01 5.290000000000000258e-02
5.700000000000000000e+01 5.269999999999999685e-02
5.800000000000000000e+01 5.070000000000000201e-02
5.900000000000000000e+01 4.950000000000000233e-02
6.000000000000000000e+01 4.970000000000000112e-02
6.100000000000000000e+01 4.959999999999999826e-02
6.200000000000000000e+01 4.929999999999999660e-02
6.300000000000000000e+01 4.689999999999999725e-02
6.400000000000000000e+01 4.390000000000000152e-02
6.500000000000000000e+01 4.479999999999999954e-02
6.600000000000000000e+01 4.499999999999999833e-02
6.700000000000000000e+01 4.379999999999999866e-02
6.800000000000000000e+01 4.390000000000000152e-02
6.900000000000000000e+01 4.080000000000000293e-02
7.000000000000000000e+01 4.039999999999999841e-02
7.100000000000000000e+01 4.070000000000000007e-02
7.200000000000000000e+01 3.950000000000000039e-02
7.300000000000000000e+01 3.939999999999999752e-02
7.400000000000000000e+01 3.930000000000000160e-02
7.500000000000000000e+01 4.059999999999999720e-02
7.600000000000000000e+01 3.869999999999999829e-02
7.700000000000000000e+01 3.670000000000000345e-02
7.800000000000000000e+01 3.740000000000000269e-02
7.900000000000000000e+01 3.849999999999999950e-02
8.000000000000000000e+01 3.660000000000000059e-02
8.100000000000000000e+01 3.450000000000000289e-02
8.200000000000000000e+01 3.559999999999999970e-02
8.300000000000000000e+01 3.490000000000000047e-02
8.400000000000000000e+01 3.490000000000000047e-02
8.500000000000000000e+01 3.500000000000000333e-02
8.600000000000000000e+01 3.409999999999999837e-02
8.700000000000000000e+01 3.160000000000000309e-02
8.800000000000000000e+01 3.209999999999999659e-02
8.900000000000000000e+01 3.330000000000000321e-02
9.000000000000000000e+01 3.150000000000000022e-02
9.100000000000000000e+01 3.379999999999999671e-02
9.200000000000000000e+01 3.139999999999999736e-02
9.300000000000000000e+01 3.200000000000000067e-02
9.400000000000000000e+01 3.080000000000000099e-02
9.500000000000000000e+01 3.080000000000000099e-02
9.600000000000000000e+01 3.020000000000000115e-02
9.700000000000000000e+01 3.059999999999999873e-02
9.800000000000000000e+01 3.150000000000000022e-02
9.900000000000000000e+01 2.989999999999999949e-02
1.000000000000000000e+02 3.130000000000000143e-02
1.010000000000000000e+02 3.030000000000000054e-02
1.020000000000000000e+02 2.970000000000000070e-02
1.030000000000000000e+02 2.809999999999999998e-02
1.040000000000000000e+02 2.929999999999999966e-02
1.050000000000000000e+02 2.860000000000000042e-02
1.060000000000000000e+02 2.879999999999999921e-02
1.070000000000000000e+02 3.039999999999999994e-02
1.080000000000000000e+02 2.690000000000000030e-02
1.090000000000000000e+02 2.740000000000000074e-02
1.100000000000000000e+02 2.649999999999999925e-02
1.110000000000000000e+02 2.670000000000000151e-02
1.120000000000000000e+02 2.520000000000000018e-02
1.130000000000000000e+02 2.599999999999999881e-02
1.140000000000000000e+02 2.589999999999999941e-02
1.150000000000000000e+02 2.539999999999999897e-02
1.160000000000000000e+02 2.580000000000000002e-02
1.170000000000000000e+02 2.520000000000000018e-02
1.180000000000000000e+02 2.380000000000000171e-02
1.190000000000000000e+02 2.529999999999999957e-02
1.200000000000000000e+02 2.479999999999999913e-02
1.210000000000000000e+02 2.440000000000000155e-02
1.220000000000000000e+02 2.560000000000000123e-02
1.230000000000000000e+02 2.309999999999999901e-02
1.240000000000000000e+02 2.380000000000000171e-02
1.250000000000000000e+02 2.549999999999999836e-02
1.260000000000000000e+02 2.350000000000000006e-02
1.270000000000000000e+02 2.309999999999999901e-02
1.280000000000000000e+02 2.460000000000000034e-02
1.290000000000000000e+02 2.309999999999999901e-02
1.300000000000000000e+02 2.270000000000000143e-02
1.310000000000000000e+02 2.359999999999999945e-02
1.320000000000000000e+02 2.230000000000000038e-02
1.330000000000000000e+02 2.220000000000000098e-02
1.340000000000000000e+02 2.210000000000000159e-02
1.350000000000000000e+02 2.220000000000000098e-02
1.360000000000000000e+02 2.210000000000000159e-02
1.370000000000000000e+02 2.290000000000000022e-02
1.380000000000000000e+02 2.189999999999999933e-02
1.390000000000000000e+02 2.210000000000000159e-02
1.400000000000000000e+02 2.210000000000000159e-02
1.410000000000000000e+02 2.139999999999999888e-02
1.420000000000000000e+02 2.160000000000000114e-02
1.430000000000000000e+02 2.129999999999999949e-02
1.440000000000000000e+02 2.089999999999999844e-02
1.450000000000000000e+02 2.079999999999999905e-02
1.460000000000000000e+02 2.089999999999999844e-02
1.470000000000000000e+02 2.179999999999999993e-02
1.480000000000000000e+02 2.189999999999999933e-02
1.490000000000000000e+02 2.149999999999999828e-02
1.500000000000000000e+02 2.069999999999999965e-02
1.510000000000000000e+02 2.120000000000000009e-02
1.520000000000000000e+02 2.050000000000000086e-02
1.530000000000000000e+02 1.990000000000000102e-02
1.540000000000000000e+02 2.009999999999999981e-02
1.550000000000000000e+02 1.909999999999999892e-02
1.560000000000000000e+02 1.990000000000000102e-02
1.570000000000000000e+02 1.969999999999999876e-02
1.580000000000000000e+02 2.009999999999999981e-02
1.590000000000000000e+02 1.959999999999999937e-02
1.600000000000000000e+02 1.880000000000000074e-02
1.610000000000000000e+02 1.930000000000000118e-02
1.620000000000000000e+02 1.930000000000000118e-02
1.630000000000000000e+02 1.890000000000000013e-02
1.640000000000000000e+02 1.750000000000000167e-02
1.650000000000000000e+02 1.820000000000000090e-02
1.660000000000000000e+02 1.789999999999999925e-02
1.670000000000000000e+02 1.810000000000000150e-02
1.680000000000000000e+02 1.770000000000000046e-02
1.690000000000000000e+02 1.870000000000000134e-02
1.700000000000000000e+02 1.770000000000000046e-02
1.710000000000000000e+02 1.760000000000000106e-02
1.720000000000000000e+02 1.720000000000000001e-02
1.730000000000000000e+02 1.679999999999999896e-02
1.740000000000000000e+02 1.729999999999999941e-02
1.750000000000000000e+02 1.739999999999999880e-02
1.760000000000000000e+02 1.689999999999999836e-02
1.770000000000000000e+02 1.660000000000000017e-02
1.780000000000000000e+02 1.669999999999999957e-02
1.790000000000000000e+02 1.619999999999999912e-02
1.800000000000000000e+02 1.600000000000000033e-02
1.810000000000000000e+02 1.559999999999999928e-02
1.820000000000000000e+02 1.609999999999999973e-02
1.830000000000000000e+02 1.669999999999999957e-02
1.840000000000000000e+02 1.559999999999999928e-02
1.850000000000000000e+02 1.499999999999999944e-02
1.860000000000000000e+02 1.569999999999999868e-02
1.870000000000000000e+02 1.619999999999999912e-02
1.880000000000000000e+02 1.549999999999999989e-02
1.890000000000000000e+02 1.510000000000000057e-02
1.900000000000000000e+02 1.580000000000000154e-02
1.910000000000000000e+02 1.559999999999999928e-02
1.920000000000000000e+02 1.490000000000000005e-02
1.930000000000000000e+02 1.519999999999999997e-02
1.940000000000000000e+02 1.450000000000000074e-02
1.950000000000000000e+02 1.490000000000000005e-02
1.960000000000000000e+02 1.420000000000000082e-02
1.970000000000000000e+02 1.430000000000000021e-02
1.980000000000000000e+02 1.379999999999999977e-02
1.990000000000000000e+02 1.389999999999999916e-02
2.000000000000000000e+02 1.439999999999999961e-02
2.010000000000000000e+02 1.430000000000000021e-02
2.020000000000000000e+02 1.469999999999999953e-02
2.030000000000000000e+02 1.319999999999999993e-02
2.040000000000000000e+02 1.379999999999999977e-02
2.050000000000000000e+02 1.370000000000000037e-02
2.060000000000000000e+02 1.329999999999999932e-02
2.070000000000000000e+02 1.340000000000000045e-02
2.080000000000000000e+02 1.359999999999999924e-02
2.090000000000000000e+02 1.310000000000000053e-02
2.100000000000000000e+02 1.340000000000000045e-02
2.110000000000000000e+02 1.329999999999999932e-02
2.120000000000000000e+02 1.319999999999999993e-02
2.130000000000000000e+02 1.319999999999999993e-02
2.140000000000000000e+02 1.260000000000000009e-02
2.150000000000000000e+02 1.299999999999999940e-02
2.160000000000000000e+02 1.319999999999999993e-02
2.170000000000000000e+02 1.269999999999999948e-02
2.180000000000000000e+02 1.319999999999999993e-02
2.190000000000000000e+02 1.250000000000000069e-02
2.200000000000000000e+02 1.280000000000000061e-02
2.210000000000000000e+02 1.230000000000000017e-02
2.220000000000000000e+02 1.250000000000000069e-02
2.230000000000000000e+02 1.239999999999999956e-02
2.240000000000000000e+02 1.239999999999999956e-02
2.250000000000000000e+02 1.220000000000000077e-02
2.260000000000000000e+02 1.230000000000000017e-02
2.270000000000000000e+02 1.260000000000000009e-02
2.280000000000000000e+02 1.260000000000000009e-02
2.290000000000000000e+02 1.209999999999999964e-02
2.300000000000000000e+02 1.209999999999999964e-02
2.310000000000000000e+02 1.209999999999999964e-02
2.320000000000000000e+02 1.220000000000000077e-02
2.330000000000000000e+02 1.170000000000000033e-02
2.340000000000000000e+02 1.179999999999999973e-02
2.350000000000000000e+02 1.159999999999999920e-02
2.360000000000000000e+02 1.140000000000000041e-02
2.370000000000000000e+02 1.159999999999999920e-02
2.380000000000000000e+02 1.149999999999999981e-02
2.390000000000000000e+02 1.089999999999999997e-02
2.400000000000000000e+02 1.140000000000000041e-02
2.410000000000000000e+02 1.080000000000000057e-02
2.420000000000000000e+02 1.069999999999999944e-02
2.430000000000000000e+02 1.069999999999999944e-02
2.440000000000000000e+02 1.069999999999999944e-02
2.450000000000000000e+02 1.089999999999999997e-02
2.460000000000000000e+02 1.089999999999999997e-02
2.470000000000000000e+02 1.099999999999999936e-02
2.480000000000000000e+02 1.050000000000000065e-02
2.490000000000000000e+02 1.039999999999999952e-02
2.500000000000000000e+02 1.050000000000000065e-02
2.510000000000000000e+02 1.030000000000000013e-02
2.520000000000000000e+02 1.050000000000000065e-02
2.530000000000000000e+02 1.039999999999999952e-02
2.540000000000000000e+02 1.050000000000000065e-02
2.550000000000000000e+02 1.050000000000000065e-02
2.560000000000000000e+02 1.000000000000000021e-02
2.570000000000000000e+02 1.009999999999999960e-02
2.580000000000000000e+02 9.700000000000000289e-03
2.590000000000000000e+02 1.039999999999999952e-02
2.600000000000000000e+02 9.799999999999999684e-03
2.610000000000000000e+02 1.009999999999999960e-02
2.620000000000000000e+02 1.000000000000000021e-02
2.630000000000000000e+02 1.000000000000000021e-02
2.640000000000000000e+02 9.700000000000000289e-03
2.650000000000000000e+02 1.000000000000000021e-02
2.660000000000000000e+02 9.799999999999999684e-03
2.670000000000000000e+02 9.900000000000000813e-03
2.680000000000000000e+02 9.799999999999999684e-03
2.690000000000000000e+02 9.599999999999999159e-03
2.700000000000000000e+02 9.599999999999999159e-03
2.710000000000000000e+02 1.000000000000000021e-02
2.720000000000000000e+02 9.700000000000000289e-03
2.730000000000000000e+02 9.900000000000000813e-03
2.740000000000000000e+02 1.000000000000000021e-02
2.750000000000000000e+02 1.009999999999999960e-02
2.760000000000000000e+02 9.700000000000000289e-03
2.770000000000000000e+02 9.900000000000000813e-03
2.780000000000000000e+02 9.900000000000000813e-03
2.790000000000000000e+02 1.009999999999999960e-02
2.800000000000000000e+02 9.599999999999999159e-03
2.810000000000000000e+02 9.599999999999999159e-03
2.820000000000000000e+02 9.400000000000000369e-03
2.830000000000000000e+02 9.499999999999999764e-03
2.840000000000000000e+02 9.799999999999999684e-03
2.850000000000000000e+02 9.299999999999999239e-03
2.860000000000000000e+02 9.700000000000000289e-03
2.870000000000000000e+02 9.499999999999999764e-03
2.880000000000000000e+02 9.100000000000000450e-03
2.890000000000000000e+02 9.199999999999999845e-03
2.900000000000000000e+02 9.400000000000000369e-03
2.910000000000000000e+02 9.599999999999999159e-03
2.920000000000000000e+02 8.999999999999999320e-03
2.930000000000000000e+02 8.899999999999999925e-03
2.940000000000000000e+02 9.199999999999999845e-03
2.950000000000000000e+02 8.500000000000000611e-03
2.960000000000000000e+02 8.999999999999999320e-03
2.970000000000000000e+02 8.800000000000000530e-03
2.980000000000000000e+02 9.299999999999999239e-03
2.990000000000000000e+02 9.199999999999999845e-03
3.000000000000000000e+02 8.800000000000000530e-03
3.010000000000000000e+02 8.800000000000000530e-03
3.020000000000000000e+02 8.699999999999999400e-03
3.030000000000000000e+02 8.699999999999999400e-03
3.040000000000000000e+02 9.299999999999999239e-03
3.050000000000000000e+02 8.399999999999999481e-03
3.060000000000000000e+02 8.800000000000000530e-03
3.070000000000000000e+02 8.699999999999999400e-03
3.080000000000000000e+02 8.800000000000000530e-03
3.090000000000000000e+02 8.500000000000000611e-03
3.100000000000000000e+02 8.999999999999999320e-03
3.110000000000000000e+02 8.699999999999999400e-03
3.120000000000000000e+02 8.699999999999999400e-03
3.130000000000000000e+02 8.600000000000000006e-03
3.140000000000000000e+02 8.300000000000000086e-03
3.150000000000000000e+02 8.800000000000000530e-03
3.160000000000000000e+02 8.500000000000000611e-03
3.170000000000000000e+02 8.600000000000000006e-03
3.180000000000000000e+02 8.000000000000000167e-03
3.190000000000000000e+02 8.099999999999999561e-03
3.200000000000000000e+02 8.099999999999999561e-03
3.210000000000000000e+02 7.799999999999999642e-03
3.220000000000000000e+02 7.700000000000000247e-03
3.230000000000000000e+02 8.000000000000000167e-03
3.240000000000000000e+02 7.900000000000000772e-03
3.250000000000000000e+02 8.000000000000000167e-03
3.260000000000000000e+02 7.599999999999999985e-03
3.270000000000000000e+02 8.000000000000000167e-03
3.280000000000000000e+02 7.499999999999999722e-03
3.290000000000000000e+02 7.499999999999999722e-03
3.300000000000000000e+02 7.599999999999999985e-03
3.310000000000000000e+02 7.700000000000000247e-03
3.320000000000000000e+02 7.499999999999999722e-03
3.330000000000000000e+02 7.100000000000000408e-03
3.340000000000000000e+02 7.599999999999999985e-03
3.350000000000000000e+02 7.499999999999999722e-03
3.360000000000000000e+02 7.599999999999999985e-03
3.370000000000000000e+02 7.499999999999999722e-03
3.380000000000000000e+02 7.799999999999999642e-03
3.390000000000000000e+02 7.499999999999999722e-03
3.400000000000000000e+02 7.499999999999999722e-03
3.410000000000000000e+02 7.199999999999999803e-03
3.420000000000000000e+02 7.499999999999999722e-03
3.430000000000000000e+02 7.499999999999999722e-03
3.440000000000000000e+02 7.300000000000000065e-03
3.450000000000000000e+02 7.300000000000000065e-03
3.460000000000000000e+02 6.799999999999999621e-03
3.470000000000000000e+02 6.899999999999999883e-03
3.480000000000000000e+02 7.000000000000000146e-03
3.490000000000000000e+02 7.000000000000000146e-03
3.500000000000000000e+02 7.000000000000000146e-03
3.510000000000000000e+02 6.799999999999999621e-03
3.520000000000000000e+02 7.100000000000000408e-03
3.530000000000000000e+02 6.799999999999999621e-03
3.540000000000000000e+02 6.700000000000000226e-03
3.550000000000000000e+02 6.799999999999999621e-03
3.560000000000000000e+02 6.799999999999999621e-03
3.570000000000000000e+02 7.000000000000000146e-03
3.580000000000000000e+02 6.799999999999999621e-03
3.590000000000000000e+02 6.899999999999999883e-03
3.600000000000000000e+02 7.000000000000000146e-03
3.610000000000000000e+02 6.599999999999999964e-03
3.620000000000000000e+02 6.899999999999999883e-03
3.630000000000000000e+02 6.799999999999999621e-03
3.640000000000000000e+02 6.799999999999999621e-03
3.650000000000000000e+02 6.899999999999999883e-03
3.660000000000000000e+02 6.899999999999999883e-03
3.670000000000000000e+02 7.000000000000000146e-03
3.680000000000000000e+02 6.599999999999999964e-03
3.690000000000000000e+02 7.000000000000000146e-03
3.700000000000000000e+02 6.899999999999999883e-03
3.710000000000000000e+02 6.599999999999999964e-03
3.720000000000000000e+02 6.599999999999999964e-03
3.730000000000000000e+02 6.899999999999999883e-03
3.740000000000000000e+02 6.499999999999999702e-03
3.750000000000000000e+02 6.499999999999999702e-03
3.760000000000000000e+02 6.799999999999999621e-03
3.770000000000000000e+02 6.700000000000000226e-03
3.780000000000000000e+02 6.700000000000000226e-03
3.790000000000000000e+02 6.599999999999999964e-03
3.800000000000000000e+02 6.599999999999999964e-03
3.810000000000000000e+02 6.700000000000000226e-03
3.820000000000000000e+02 6.400000000000000307e-03
3.830000000000000000e+02 6.499999999999999702e-03
3.840000000000000000e+02 6.400000000000000307e-03
3.850000000000000000e+02 6.499999999999999702e-03
3.860000000000000000e+02 6.400000000000000307e-03
3.870000000000000000e+02 6.499999999999999702e-03
3.880000000000000000e+02 6.400000000000000307e-03
3.890000000000000000e+02 6.499999999999999702e-03
3.900000000000000000e+02 6.400000000000000307e-03
3.910000000000000000e+02 6.400000000000000307e-03
3.920000000000000000e+02 6.400000000000000307e-03
3.930000000000000000e+02 6.300000000000000044e-03
3.940000000000000000e+02 6.300000000000000044e-03
3.950000000000000000e+02 6.400000000000000307e-03
3.960000000000000000e+02 6.599999999999999964e-03
3.970000000000000000e+02 6.400000000000000307e-03
3.980000000000000000e+02 6.400000000000000307e-03
3.990000000000000000e+02 6.300000000000000044e-03
4.000000000000000000e+02 6.199999999999999782e-03
4.010000000000000000e+02 6.000000000000000125e-03
4.020000000000000000e+02 6.400000000000000307e-03
4.030000000000000000e+02 6.199999999999999782e-03
4.040000000000000000e+02 6.100000000000000387e-03
4.050000000000000000e+02 6.199999999999999782e-03
4.060000000000000000e+02 6.100000000000000387e-03
4.070000000000000000e+02 6.100000000000000387e-03
4.080000000000000000e+02 6.400000000000000307e-03
4.090000000000000000e+02 6.199999999999999782e-03
4.100000000000000000e+02 6.300000000000000044e-03
4.110000000000000000e+02 6.000000000000000125e-03
4.120000000000000000e+02 6.300000000000000044e-03
4.130000000000000000e+02 6.100000000000000387e-03
4.140000000000000000e+02 6.000000000000000125e-03
4.150000000000000000e+02 6.000000000000000125e-03
4.160000000000000000e+02 6.100000000000000387e-03
4.170000000000000000e+02 5.899999999999999863e-03
4.180000000000000000e+02 5.899999999999999863e-03
4.190000000000000000e+02 6.000000000000000125e-03
4.200000000000000000e+02 5.899999999999999863e-03
4.210000000000000000e+02 5.799999999999999600e-03
4.220000000000000000e+02 5.799999999999999600e-03
4.230000000000000000e+02 5.799999999999999600e-03
4.240000000000000000e+02 5.599999999999999943e-03
4.250000000000000000e+02 5.700000000000000205e-03
4.260000000000000000e+02 5.700000000000000205e-03
4.270000000000000000e+02 5.599999999999999943e-03
4.280000000000000000e+02 5.599999999999999943e-03
4.290000000000000000e+02 5.599999999999999943e-03
4.300000000000000000e+02 5.599999999999999943e-03
4.310000000000000000e+02 5.599999999999999943e-03
4.320000000000000000e+02 5.700000000000000205e-03
4.330000000000000000e+02 5.400000000000000286e-03
4.340000000000000000e+02 5.599999999999999943e-03
4.350000000000000000e+02 5.400000000000000286e-03
4.360000000000000000e+02 5.400000000000000286e-03
4.370000000000000000e+02 5.400000000000000286e-03
4.380000000000000000e+02 5.400000000000000286e-03
4.390000000000000000e+02 5.300000000000000024e-03
4.400000000000000000e+02 5.400000000000000286e-03
4.410000000000000000e+02 5.499999999999999681e-03
4.420000000000000000e+02 5.300000000000000024e-03
4.430000000000000000e+02 5.499999999999999681e-03
4.440000000000000000e+02 5.300000000000000024e-03
4.450000000000000000e+02 5.199999999999999761e-03
4.460000000000000000e+02 5.199999999999999761e-03
4.470000000000000000e+02 5.199999999999999761e-03
4.480000000000000000e+02 5.100000000000000366e-03
4.490000000000000000e+02 5.199999999999999761e-03
4.500000000000000000e+02 5.100000000000000366e-03
4.510000000000000000e+02 5.599999999999999943e-03
4.520000000000000000e+02 5.400000000000000286e-03
4.530000000000000000e+02 5.300000000000000024e-03
4.540000000000000000e+02 5.199999999999999761e-03
4.550000000000000000e+02 5.199999999999999761e-03
4.560000000000000000e+02 5.300000000000000024e-03
4.570000000000000000e+02 5.199999999999999761e-03
4.580000000000000000e+02 5.300000000000000024e-03
4.590000000000000000e+02 5.000000000000000104e-03
4.600000000000000000e+02 5.100000000000000366e-03
4.610000000000000000e+02 5.000000000000000104e-03
4.620000000000000000e+02 5.199999999999999761e-03
4.630000000000000000e+02 5.000000000000000104e-03
4.640000000000000000e+02 5.100000000000000366e-03
4.650000000000000000e+02 5.000000000000000104e-03
4.660000000000000000e+02 5.000000000000000104e-03
4.670000000000000000e+02 5.000000000000000104e-03
4.680000000000000000e+02 5.000000000000000104e-03
4.690000000000000000e+02 5.000000000000000104e-03
4.700000000000000000e+02 5.000000000000000104e-03
4.710000000000000000e+02 5.000000000000000104e-03
4.720000000000000000e+02 5.000000000000000104e-03
4.730000000000000000e+02 5.000000000000000104e-03
4.740000000000000000e+02 4.799999999999999580e-03
4.750000000000000000e+02 4.899999999999999842e-03
4.760000000000000000e+02 4.799999999999999580e-03
4.770000000000000000e+02 4.899999999999999842e-03
4.780000000000000000e+02 4.799999999999999580e-03
4.790000000000000000e+02 5.000000000000000104e-03
4.800000000000000000e+02 4.899999999999999842e-03
4.810000000000000000e+02 5.000000000000000104e-03
4.820000000000000000e+02 4.799999999999999580e-03
4.830000000000000000e+02 4.799999999999999580e-03
4.840000000000000000e+02 4.799999999999999580e-03
4.850000000000000000e+02 4.799999999999999580e-03
4.860000000000000000e+02 4.799999999999999580e-03
4.870000000000000000e+02 4.799999999999999580e-03
4.880000000000000000e+02 4.799999999999999580e-03
4.890000000000000000e+02 4.799999999999999580e-03
4.900000000000000000e+02 4.799999999999999580e-03
4.910000000000000000e+02 4.899999999999999842e-03
4.920000000000000000e+02 4.799999999999999580e-03
4.930000000000000000e+02 4.799999999999999580e-03
4.940000000000000000e+02 4.799999999999999580e-03
4.950000000000000000e+02 4.700000000000000185e-03
4.960000000000000000e+02 4.700000000000000185e-03
4.970000000000000000e+02 4.700000000000000185e-03
4.980000000000000000e+02 4.700000000000000185e-03
4.990000000000000000e+02 4.700000000000000185e-03
