0.000000000000000000e+00 2.079999999999999905e-01
1.000000000000000000e+00 1.794999999999999929e-01
2.000000000000000000e+00 1.160000000000000059e-01
3.000000000000000000e+00 1.069999999999999979e-01
4.000000000000000000e+00 1.130000000000000032e-01
5.000000000000000000e+00 1.165000000000000063e-01
6.000000000000000000e+00 1.140000000000000041e-01
7.000000000000000000e+00 1.095000000000000001e-01
8.000000000000000000e+00 1.079999999999999988e-01
9.000000000000000000e+00 1.024999999999999939e-01
1.000000000000000000e+01 1.005000000000000060e-01
1.100000000000000000e+01 9.900000000000000466e-02
1.200000000000000000e+01 9.800000000000000377e-02
1.300000000000000000e+01 9.850000000000000422e-02
1.400000000000000000e+01 9.650000000000000244e-02
1.500000000000000000e+01 9.550000000000000155e-02
1.600000000000000000e+01 9.550000000000000155e-02
1.700000000000000000e+01 9.500000000000000111e-02
1.800000000000000000e+01 9.750000000000000333e-02
1.900000000000000000e+01 1.029999999999999943e-01
2.000000000000000000e+01 1.015000000000000069e-01
2.100000000000000000e+01 1.005000000000000060e-01
2.200000000000000000e+01 1.010000000000000064e-01
2.300000000000000000e+01 9.800000000000000377e-02
2.400000000000000000e+01 9.800000000000000377e-02
2.500000000000000000e+01 9.600000000000000200e-02
2.600000000000000000e+01 9.500000000000000111e-02
2.700000000000000000e+01 9.800000000000000377e-02
2.800000000000000000e+01 9.550000000000000155e-02
2.900000000000000000e+01 9.450000000000000067e-02
3.000000000000000000e+01 9.450000000000000067e-02
3.100000000000000000e+01 9.500000000000000111e-02
3.200000000000000000e+01 9.500000000000000111e-02
3.300000000000000000e+01 9.550000000000000155e-02
3.400000000000000000e+01 9.500000000000000111e-02
3.500000000000000000e+01 9.450000000000000067e-02
3.600000000000000000e+01 9.450000000000000067e-02
3.700000000000000000e+01 9.450000000000000067e-02
3.800000000000000000e+01 9.450000000000000067e-02
3.900000000000000000e+01 9.299999999999999933e-02
4.000000000000000000e+01 9.349999999999999978e-02
4.100000000000000000e+01 9.349999999999999978e-02
4.200000000000000000e+01 9.400000000000000022e-02
4.300000000000000000e+01 9.400000000000000022e-02
4.400000000000000000e+01 9.400000000000000022e-02
4.500000000000000000e+01 9.400000000000000022e-02
4.600000000000000000e+01 9.400000000000000022e-02
4.700000000000000000e+01 9.400000000000000022e-02
4.800000000000000000e+01 9.450000000000000067e-02
4.900000000000000000e+01 9.299999999999999933e-02
5.000000000000000000e+01 9.349999999999999978e-02
5.100000000000000000e+01 9.349999999999999978e-02
5.200000000000000000e+01 9.400000000000000022e-02
5.300000000000000000e+01 9.450000000000000067e-02
5.400000000000000000e+01 9.500000000000000111e-02
5.500000000000000000e+01 9.500000000000000111e-02
5.600000000000000000e+01 9.500000000000000111e-02
5.700000000000000000e+01 9.500000000000000111e-02
5.800000000000000000e+01 9.550000000000000155e-02
5.900000000000000000e+01 9.850000000000000422e-02
6.000000000000000000e+01 9.500000000000000111e-02
6.100000000000000000e+01 9.400000000000000022e-02
6.200000000000000000e+01 9.450000000000000067e-02
6.300000000000000000e+01 9.550000000000000155e-02
6.400000000000000000e+01 9.500000000000000111e-02
6.500000000000000000e+01 9.500000000000000111e-02
6.600000000000000000e+01 9.550000000000000155e-02
6.700000000000000000e+01 9.550000000000000155e-02
6.800000000000000000e+01 9.500000000000000111e-02
6.900000000000000000e+01 9.500000000000000111e-02
7.000000000000000000e+01 9.500000000000000111e-02
7.100000000000000000e+01 9.500000000000000111e-02
7.200000000000000000e+01 9.450000000000000067e-02
7.300000000000000000e+01 9.400000000000000022e-02
7.400000000000000000e+01 9.349999999999999978e-02
7.500000000000000000e+01 9.349999999999999978e-02
7.600000000000000000e+01 9.349999999999999978e-02
7.700000000000000000e+01 9.349999999999999978e-02
7.800000000000000000e+01 9.349999999999999978e-02
7.900000000000000000e+01 9.450000000000000067e-02
